Sat. Mar. 24, 2012             LANDSAT 5                 Time: 20:14
                         Image Assessment System
                           GCP Residual Report
----------------------------------------------------------------------------
WOID: L3637775            Path/Row: 119 / 039

L0R Reference Image: L51BJC1010144020100_HDF.120841803
Acquisition Date: May 24, 2010

Band Number:  5

GeoCover date for each WRS-2 path/row used:
Path  Row   Date
119   039   2000-10-11


Point_ID      Latitude  Longitude    Height       Across    Along    Residual  Residual
                                                   Scan      Scan      In y      in x
                                                 Residual  Residual    dir       dir
                (deg)     (deg)     (meters)     (meters)  (meters)  (meters)  (meters)

1190390001   30.114008  120.472463    18.655       1.519     0.163     1.483     0.373
1190390003   30.839437  120.890101    13.794       0.593    -1.852     0.844    -1.755
1190390005   30.965053  120.812663    13.196      -0.276     4.237    -0.858     4.163
1190390006   30.263164  120.191645    23.631      -2.290    -4.638    -1.625    -4.915
1190390009   30.537379  120.705225    15.454       2.521     1.160     2.339     1.500
1190390011   30.831892  120.075216     9.257       3.254     6.745     2.292     7.134
1190390015   30.113717  120.786035    18.578       4.115     3.281     3.623     3.827
1190390016   30.934076  120.890169    13.484      -1.461    -4.065    -0.887    -4.233
1190390018   30.517151  120.137118    13.234      -4.685     1.616    -4.867     0.951
1190390024   30.070460  119.940642    17.771      -0.128     1.981    -0.402     1.945
1190390026   30.901639  120.835545    14.332       1.508    -1.566     1.711    -1.344
1190390030   30.283805  120.565385    16.903       1.725     5.176     0.991     5.371
1190390036   30.224366  120.661030    18.116      -4.306     5.451    -5.025     4.803
1190390037   30.011487  120.563673    18.248      -0.772     2.020    -1.047     1.895
1190390041   30.123519  120.216080    23.300      -0.553     1.732    -0.788     1.639
1190390042   31.222131  119.243757    37.379       2.349     5.283     1.598     5.556
1190390043   30.159606  120.266438    21.870       3.332     3.090     2.872     3.526
1190390049   30.275513  120.162123    24.521      -4.257    -1.335    -4.032    -1.915
1190390050   29.647318  118.903074   108.840       0.951    -7.079     1.931    -6.875
1190390052   31.078766  119.731737   180.952       4.713    -5.677     5.450    -4.975
1190390053   30.538783  120.684345    15.282      -4.354     1.174    -4.478     0.559
1190390055   30.974672  120.888993    14.971       2.341    -1.286     2.499    -0.951
1190390056   30.619360  120.713351    16.021      -6.872     5.672    -7.598     4.670
1190390058   30.904668  120.797093    13.498       1.812    -2.143     2.093    -1.874
1190390059   30.876105  120.104227    14.601       1.496    -4.668     2.127    -4.419
1190390065   31.166586  119.441005   182.269      -4.380    -5.538    -3.576    -6.087
1190390068   30.126819  119.548560    89.847      -1.858    -2.355    -1.512    -2.591
1190390070   29.932466  119.842449    18.061      -4.539     2.113    -4.791     1.460
1190390072   30.134381  120.629074    18.083       4.082    -6.363     4.931    -5.738
1190390073   30.556825  120.107136    90.396      -6.117    -6.297    -5.188    -7.087
1190390076   30.755765  120.158616    13.972       1.452     2.731     1.061     2.907
1190390078   30.279106  119.938433    19.384      -2.546     2.026    -2.804     1.654
1190390079   29.871994  120.365341    80.394      -0.867    -6.283     0.018    -6.346
1190390080   30.531165  120.335059    16.460       0.321     0.873     0.198     0.910
1190390082   30.521460  120.427519    14.798      -2.977     2.095    -3.240     1.663
1190390084   30.541598  119.480553   105.920      -6.539     2.702    -6.851     1.771
1190390086   30.355233  120.131934    17.060      -6.751    -1.670    -6.458    -2.593
1190390088   30.872327  120.394489    11.334      -3.207     2.579    -3.535     2.113
1190390091   30.916875  120.387279    14.117       1.542    -1.126     1.684    -0.903
1190390093   30.168693  120.227199    15.118       4.661     3.585     4.120     4.202
1190390096   30.056344  120.768613    80.123      -0.848    -6.545     0.071    -6.606
1190390097   29.692027  119.097045   105.000       2.392     2.322     2.043     2.633
1190390099   30.049625  120.184458    17.576      -1.453    -0.220    -1.409    -0.420
1190390101   30.328344  120.136378    17.313       1.521    -1.748     1.750    -1.521
1190390104   30.030056  120.567136    15.971       5.406     3.368     4.889     4.093
1190390108   30.912565  120.664106    17.555       4.659    -0.246     4.653     0.401
1190390112   29.658940  118.846889   104.000       5.297     0.433     5.182     1.167
1190390117   29.590164  119.120019   113.830       1.808    -2.841     2.187    -2.560
1190390118   30.051022  120.561981    18.046      -1.064     2.548    -1.409     2.377
1190390120   30.956510  120.630638    13.810      -4.282     0.172    -4.269    -0.421
1190390123   30.236401  120.568032    18.723       4.272    -1.359     4.424    -0.752
1190390126   30.707649  120.911395    17.268       0.024     6.164    -0.828     6.115
1190390127   30.891091  120.620011    12.977      -5.403    -2.418    -5.022    -3.144
1190390129   30.414027  120.238995    17.111      -5.322     2.278    -5.590     1.519
1190390135   29.986340  120.563395    19.200      -0.340    -4.736     0.324    -4.741
1190390136   30.189600  120.332197    19.505       6.639     6.465     5.680     7.331
1190390139   30.934910  120.338652     9.174       2.397    -0.958     2.508    -0.618
1190390142   30.146814  120.225863    23.407      -6.648     2.242    -6.899     1.296
1190390144   30.594578  119.901631    32.643      -0.474     0.555    -0.547     0.484
1190390147   30.143932  120.606396    20.693      -4.295     0.292    -4.297    -0.309
1190390151   29.793890  120.142822   139.769      -5.288    -0.926    -5.109    -1.656
1190390153   30.455135  120.217561    77.627       3.393    -1.444     3.562    -0.960
1190390154   29.791236  120.208182    70.526      -2.488    -3.388    -1.992    -3.705
1190390159   29.667028  119.033923   105.000       5.603    -4.155     6.127    -3.332
1190390164   30.052026  120.653422    19.000       5.773    -3.890     6.264    -3.050
1190390165   30.702572  120.962822    17.795      -0.493     0.370    -0.540     0.299
1190390171   30.038506  119.977946    20.056       4.679     2.085     4.346     2.718
1190390172   30.337868  119.604237   234.764       1.256     0.683     1.149     0.851
1190390173   31.043390  119.865837    17.139       1.733    -1.691     1.950    -1.437
1190390175   30.399608  120.074679    13.000      -3.137     0.496    -3.178     0.056
1190390179   30.891044  120.067696    88.636       0.184    -2.052     0.466    -2.008
1190390180   30.112106  120.563551    16.610      -0.815    -1.902    -0.543    -1.999
1190390182   30.104664  119.518735   191.015      -3.154     4.314    -3.724     3.833
1190390183   29.842804  120.278409    42.248      -2.844    -5.365    -2.069    -5.713
1190390184   29.656334  119.060358   120.396       0.513     1.727     0.265     1.781
1190390187   29.836282  119.720233    21.558       3.509    -4.304     4.077    -3.774
1190390188   30.858478  120.758281    15.588      -1.389    -4.972    -0.690    -5.121
1190390191   29.619840  118.949954   105.580       1.704    -2.259     2.002    -1.999
1190390198   30.966843  120.657392    14.707       2.943    -3.382     3.384    -2.946
1190390201   29.789892  120.263035    44.182      -4.627     0.106    -4.599    -0.542
1190390204   30.247734  119.725273    42.765       0.358     5.859    -0.460     5.853
1190390208   30.862040  120.435826    13.987       2.875    -0.959     2.983    -0.553
1190390210   29.513639  120.649361    49.986       4.860    -0.149     4.838     0.535
1190390211   30.837802  120.243122     9.037       0.372     4.079    -0.195     4.095
1190390217   30.738264  120.110443    13.404      -0.343     2.267    -0.654     2.199
1190390219   30.823054  119.771804    14.283       0.770     6.642    -0.156     6.687
1190390225   30.032261  120.615085    18.170       0.914     0.344     0.859     0.469
1190390227   30.814382  120.805124    16.301       2.883    -4.522     3.484    -4.084
1190390232   29.663836  118.825593   138.911      -5.891     2.509    -6.182     1.662
1190390233   29.597788  119.065671   110.345      -2.430     3.751    -2.931     3.374
1190390236   30.707546  120.932671    13.722      -0.588     1.887    -0.843     1.790
1190390241   29.991694  120.494916    22.346       0.919     2.234     0.599     2.343
1190390242   30.885572  120.268881    10.392       2.336    -1.052     2.460    -0.720
1190390245   30.149206  120.450666    19.229       1.456     3.961     0.892     4.129
1190390246   31.191405  119.430626   147.664       3.143    -4.724     3.763    -4.247
1190390249   29.755089  119.097117   105.000       0.507     0.952     0.369     1.014
1190390250   29.903271  120.305228    34.205       1.953    -2.595     2.297    -2.298
