polyline
1 504021.858 2215205.543
2 504021.566 2215205.949
3 504015.896 2215213.819
5 504004.907 2215229.073
9 503993.509 2215244.895
11 503991.989 2215247.005
13 503986.495 2215254.632
15 503986.261 2215254.956
20 503983.679 2215258.269
22 503982.757 2215259.452
24 503978.095 2215265.587
26 503977.793 2215265.985
32 503973.195 2215272.037
34 503972.590 2215272.833
36 503968.053 2215278.805
38 503967.932 2215278.965
40 503959.379 2215291.287
42 503959.265 2215291.451
44 503959.151 2215291.616
46 503950.598 2215303.938
51 503942.386 2215315.767
53 503940.391 2215318.643
55 503939.307 2215320.203
57 503933.833 2215328.090
58 503924.468 2215321.589
59 503924.349 2215321.754
61 503922.055 2215325.058
60 503921.645 2215324.773
1 0
3 504015.896 2215213.819
4 504013.462 2215212.066
2 0
5 504004.907 2215229.073
7 503990.173 2215218.733
8 503986.096 2215224.050
3 0
7 503990.173 2215218.733
6 503990.457 2215218.328
4 0
9 503993.509 2215244.895
10 503991.724 2215243.609
5 0
11 503991.989 2215247.005
12 503992.800 2215247.589
6 0
13 503986.495 2215254.632
14 503987.306 2215255.216
7 0
15 503986.261 2215254.956
16 503984.691 2215253.886
18 503983.864 2215253.323
19 503982.625 2215252.478
8 0
16 503984.691 2215253.886
17 503984.803 2215253.721
9 0
20 503983.679 2215258.269
21 503984.862 2215259.191
10 0
22 503982.757 2215259.452
23 503981.968 2215258.837
11 0
24 503978.095 2215265.587
25 503979.688 2215266.797
12 0
26 503977.793 2215265.985
27 503966.088 2215257.093
29 503965.967 2215257.252
30 503965.664 2215257.650
31 503963.191 2215261.409
13 0
29 503965.967 2215257.252
28 503965.807 2215257.131
14 0
32 503973.195 2215272.037
33 503972.160 2215271.251
15 0
34 503972.590 2215272.833
35 503971.555 2215272.047
16 0
36 503968.053 2215278.805
37 503967.018 2215278.019
17 0
38 503967.932 2215278.965
39 503969.365 2215280.053
18 0
40 503959.379 2215291.287
41 503958.311 2215290.546
19 0
42 503959.265 2215291.451
43 503960.744 2215292.478
20 0
44 503959.151 2215291.616
45 503960.630 2215292.642
21 0
46 503950.598 2215303.938
47 503947.887 2215302.056
49 503947.065 2215301.486
50 503938.439 2215295.499
22 0
47 503947.887 2215302.056
48 503947.145 2215303.124
23 0
51 503942.386 2215315.767
52 503941.318 2215315.026
24 0
53 503940.391 2215318.643
54 503939.405 2215317.958
25 0
55 503939.307 2215320.203
56 503938.239 2215319.462
26 0
58 503924.468 2215321.589
62 503922.250 2215320.050
end