Fri. Mar. 23, 2012             LANDSAT 5                 Time: 13:11
                         Image Assessment System
                           GCP Residual Report
----------------------------------------------------------------------------
WOID: L3629777            Path/Row: 119 / 038

L0R Reference Image: L51BJC1010144020100_HDF.120831431
Acquisition Date: May 24, 2010

Band Number:  5

GeoCover date for each WRS-2 path/row used:
Path  Row   Date
119   038   2001-07-26


Point_ID      Latitude  Longitude    Height       Across    Along    Residual  Residual
                                                   Scan      Scan      In y      in x
                                                 Residual  Residual    dir       dir
                (deg)     (deg)     (meters)     (meters)  (meters)  (meters)  (meters)

1190380001   32.233956  119.482507     9.483       0.978    -6.427     2.196    -6.127
1190380002   31.548386  120.798918    11.045       2.405    -0.578     2.469    -0.108
1190380004   30.927995  120.436288     9.000      -0.819     3.501    -1.474     3.280
1190380005   31.613511  120.890029    10.972       1.383     0.758     1.210     1.008
1190380008   31.056386  120.875711    12.042      -0.499     0.256    -0.541     0.155
1190380010   31.787497  119.943797    10.677       3.206    -6.645     4.422    -5.914
1190380011   32.173728  119.999330     7.187       0.604    -4.407     1.439    -4.213
1190380013   31.627968  120.769533    14.753       2.030    -1.710     2.318    -1.292
1190380016   31.533868  119.729139     9.808      -1.245     3.640    -1.917     3.338
1190380017   31.658043  121.181337    15.879       3.388    -6.207     4.507    -5.445
1190380020   31.605495  120.205153     8.509       3.358    -2.047     3.690    -1.369
1190380023   31.027764  119.836100    10.730       4.471    -3.300     5.024    -2.387
1190380025   31.308790  120.581384    16.226       0.276     4.848    -0.656     4.811
1190380026   31.452200  120.246957    30.951      -2.023    -2.275    -1.551    -2.621
1190380028   31.692658  120.134519    12.556       1.225     3.108     0.609     3.286
1190380031   31.486135  120.046136    40.081      -5.041    -3.167    -4.343    -4.073
1190380033   31.566325  120.295742    10.532       2.669    -1.522     2.912    -0.985
1190380035   31.649804  120.764899    12.207      -0.783    -1.702    -0.445    -1.821
1190380036   31.611427  120.736729    11.903       1.264     4.640     0.352     4.796
1190380039   30.930457  120.465099    12.054      -3.823    -1.312    -3.504    -2.019
1190380040   31.684211  121.119751    12.947      -1.519     1.552    -1.791     1.231
1190380041   32.006210  119.850851    13.743      -1.761    -1.974    -1.349    -2.275
1190380043   31.714628  120.402211    14.088      -0.626    -4.528     0.251    -4.566
1190380047   31.581832  119.895239    12.317       5.118    -5.142     6.013    -4.072
1190380048   31.761206  120.224861    13.209      -0.141    -0.161    -0.106    -0.186
1190380049   31.481719  120.731019    11.604      -0.876     3.440    -1.519     3.209
1190380050   31.281203  120.856192    11.747      -3.824     6.097    -4.921     5.252
1190380053   31.649942  120.076064     9.812      -4.175    -2.456    -3.630    -3.210
1190380054   31.154745  121.091268    15.521       6.040    -0.133     5.949     1.023
1190380055   31.404124  120.572001    12.732      -3.038    -2.454    -2.515    -2.991
1190380058   31.607282  120.326485     6.527      -0.161    -1.102     0.052    -1.113
1190380059   31.376809  120.615910    11.105       4.968     2.890     4.324     3.787
1190380060   31.002253  120.701305    16.934      -0.612    -4.175     0.194    -4.216
1190380062   32.315590  119.701321     6.413       3.981     1.338     3.659     2.075
1190380065   31.183509  120.904981    14.224       5.845     1.359     5.474     2.451
1190380067   30.993001  120.058943    11.627       3.354    -4.282     4.112    -3.564
1190380071   31.755428  119.915095    14.571      -1.286    -6.140    -0.086    -6.276
1190380072   31.925494  120.703053    11.876       0.472     0.634     0.341     0.712
1190380074   32.518869  120.198928     7.815      -1.886    -4.325    -1.023    -4.608
1190380077   32.083270  120.423923    11.515      -3.121     6.598    -4.326     5.882
1190380078   31.485036  120.251677    21.993      -0.686     4.630    -1.559     4.415
1190380079   31.546947  120.404975    11.457       1.536     5.796     0.400     5.984
1190380081   31.537719  120.299094    13.909      -2.062    -2.023    -1.638    -2.382
1190380082   31.270654  120.442497    12.783      -1.351     1.479    -1.610     1.194
1190380086   31.704093  120.969322    12.089       5.511     0.800     5.254     1.839
1190380087   31.273366  119.654406    19.079       5.824     0.255     5.675     1.364
1190380089   31.748152  120.835050    16.483      -4.449     2.898    -4.923     1.993
1190380092   31.279003  120.360367   113.067       3.731    -2.531     4.146    -1.772
1190380094   31.330187  121.152363    14.545       2.407    -0.304     2.417     0.160
1190380097   31.514576  120.752965    11.459      -1.087     2.844    -1.612     2.583
1190380100   31.825402  120.083532    10.181      -1.620    -0.156    -1.560    -0.463
1190380101   31.608903  120.352360    10.368      -1.518    -0.763    -1.345    -1.040
1190380102   31.033575  121.077662    18.888      -4.021     2.244    -4.378     1.432
1190380107   31.856242  120.586850    13.383      -3.859     6.337    -5.000     5.484
1190380108   31.283108  120.824641    14.227      -1.083    -1.142    -0.848    -1.329
1190380109   31.673567  121.059531    13.595       0.232    -3.668     0.925    -3.557
1190380111   30.991862  119.997744    10.366      -4.076     0.895    -4.174     0.100
1190380112   31.812492  119.948359    10.961       5.833    -3.279     6.358    -2.106
1190380113   31.377944  119.931608     9.689      -6.401     1.033    -6.483    -0.209
1190380115   31.187828  120.481865    12.086       3.126    -0.269     3.120     0.333
1190380117   31.152264  121.124987    15.426       2.766    -1.237     2.946    -0.686
1190380118   31.995770  119.932460     7.087       6.021    -1.109     6.128     0.061
1190380124   31.761208  120.626370    12.450       2.302    -1.428     2.532    -0.962
1190380126   30.944827  120.371800    12.632      -0.187     1.642    -0.499     1.576
1190380131   31.562779  120.026661    13.328       5.796     3.712     4.984     4.753
1190380134   31.353416  120.551867    10.979       2.038    -0.971     2.185    -0.564
1190380135   31.629132  121.003211    13.824      -3.656    -1.252    -3.353    -1.929
1190380138   32.234383  119.814359     9.925       1.451    -0.140     1.455     0.140
1190380140   32.200977  119.492683    16.669      -0.512     0.676    -0.628     0.567
1190380141   31.831430  119.959775     8.801      -6.601    -4.081    -5.701    -5.270
1190380142   31.214030  119.864843    53.442      -1.665     1.227    -1.868     0.887
1190380145   31.771547  120.488343    13.688       5.102     1.846     4.656     2.788
1190380146   31.456351  120.644829    10.419      -1.505     4.732    -2.384     4.357
1190380147   31.576641  119.379832     7.969      -6.830     5.429    -7.745     4.031
1190380148   31.078211  121.040605    13.167      -3.563    -2.000    -3.119    -2.646
1190380149   31.134550  120.348337    12.074      -0.061     2.637    -0.564     2.577
1190380155   31.532579  121.207470    14.036      -3.260    -4.835    -2.280    -5.370
1190380159   31.291257  120.555681    14.332       1.750    -0.674     1.845    -0.328
1190380160   31.394486  121.000940    14.902       4.538    -0.046     4.460     0.822
1190380162   31.734334  120.882229    11.851      -0.423     3.230    -1.034     3.089
1190380166   31.962159  120.414937    12.423       4.668     6.019     3.433     6.802
1190380167   31.850736  121.201976    13.228      -0.221     0.707    -0.355     0.651
1190380171   31.856074  120.171943    34.576      -5.640    -1.635    -5.225    -2.684
1190380174   31.602349  119.486900     6.761      -2.362     1.124    -2.532     0.654
1190380176   31.834752  120.469518    15.439      -4.660     3.767    -5.296     2.808
1190380183   31.743407  120.264963    13.988       3.980    -2.047     4.300    -1.250
1190380188   31.502280  119.606813     7.176       2.333     0.967     2.110     1.396
1190380190   31.311392  119.897537     8.659      -0.724    -6.643     0.561    -6.663
1190380192   31.255878  120.616751    11.144      -1.135     0.524    -1.216     0.297
1190380194   31.246537  121.131631    15.731      -6.047    -3.277    -5.313    -4.374
1190380195   31.122195  120.911991    15.769       3.626     2.302     3.117     2.952
1190380197   31.438690  119.730245     7.647       0.661     3.084     0.062     3.156
1190380198   32.268897  119.757127     9.392       2.798     3.168     2.146     3.647
1190380199   31.665295  120.345067    13.052      -3.549     1.171    -3.709     0.471
1190380201   31.811017  120.701456    11.167       2.995    -4.110     3.724    -3.463
1190380205   31.497258  120.449923    14.224      -2.618    -0.797    -2.419    -1.283
1190380206   31.975809  120.873208    11.821      -3.364    -1.996    -2.922    -2.604
1190380208   31.706612  120.105612     8.894      -2.007    -5.319    -0.953    -5.608
1190380209   32.507482  119.898274     6.054      -0.290     6.841    -1.591     6.665
1190380211   31.519359  120.528281    16.248      -2.764    -0.009    -2.713    -0.538
1190380212   31.172437  120.640558    12.305      -5.105     0.974    -5.199    -0.021
1190380214   31.589167  120.327003    11.388       3.003    -3.790     3.674    -3.148
1190380215   31.925708  120.069584    11.700      -1.437    -0.598    -1.295    -0.862
1190380216   31.312454  120.930182    11.782      -5.428     1.726    -5.660     0.656
1190380217   31.785456  120.664712    14.875      -6.033    -1.464    -5.645    -2.591
1190380218   31.310466  119.635453     7.799       0.891     5.917    -0.254     5.983
1190380219   31.577055  120.266043    25.637       2.142    -2.013     2.489    -1.568
1190380221   31.540075  120.695803    12.823       0.752     0.514     0.638     0.648
1190380222   31.668473  120.165944     8.953       4.528    -5.016     5.407    -4.061
1190380223   31.414242  120.606445    11.856      -0.753    -0.166    -0.709    -0.308
1190380224   31.384898  120.976224    12.177       3.019    -0.921     3.136    -0.327
1190380228   32.317642  119.844888    11.160      -2.466     4.457    -3.272     3.908
1190380229   31.745681  120.005316     8.644      -4.209     6.395    -5.355     5.477
1190380233   31.700143  121.010553    14.450       2.619     0.802     2.414     1.287
1190380235   31.276612  119.623430     9.298      -1.124     0.013    -1.103    -0.202
1190380236   31.821069  120.673955    10.473       1.138     1.002     0.925     1.201
1190380239   31.602833  120.257071    12.411       1.057     0.716     0.902     0.904
1190380240   31.436773  119.836939     9.330       1.004     1.566     0.688     1.730
1190380244   31.572709  120.544887    11.047      -1.935    -2.498    -1.423    -2.823
1190380245   31.189462  120.744948    14.293       3.360    -0.382     3.369     0.266
