==============================================================================
==============================================================================
Fri. Mar. 23 2012                  LANDSAT 7                       Time: 18:21
                            Image Assessment System
                            GEOMETRIC VERIFY Report
==============================================================================
Order ID: 0101203236802_00001                          Path / Row - 119 / 38
Reference Image: L51BJC1010144020100_HDF.L1G

Color mapping per rank
----------------------
Rank  1 is Green: total residual <= 0.5
Rank  2 is Cyan: 0.5 < total residual <=  1
Rank  3 is Blue:  1 < total residual <=  2
Rank  4 is Yellow:  2 < total residual <=  3
Rank  5 is Red:  3 < total residual

Percentage of residuals by rank
-------------------------------
Rank   1 -- 87.5%
Rank   2 -- 10.1%
Rank   3 --  1.5%
Rank   4 --  0.3%
Rank   5 --  0.6%

       GCP    Latitude    Longitude  Sample   Line     Total    Rank
        ID                           Residual Residual Residual
              (Degree)    (Degree)   (Pixel)  (Pixel)  (Pixel)
----------------------------------------------------------------------
1190380092   32.64660    119.62976     0.07     -0.18     0.20     1 
1190380094   32.64842    119.69809     0.01      0.20     0.20     1 
1190380095   32.64932    119.73226     0.02      0.11     0.11     1 
1190380096   32.65020    119.76644     0.14      0.18     0.23     1 
1190380165   32.61908    119.56241     0.31      0.11     0.33     1 
1190380166   32.62002    119.59656     0.07     -0.09     0.11     1 
1190380172   32.62541    119.80153    -0.11     -0.04     0.12     1 
1190380173   32.62627    119.83569    -0.12      1.08     1.08     3 
1190380175   32.62798    119.90403    -0.01      0.11     0.11     1 
1190380176   32.62882    119.93820     0.08      0.10     0.13     1 
1190380240   32.59342    119.56339     0.16      0.11     0.19     1 
1190380243   32.59618    119.66583     0.34      0.32     0.47     1 
1190380246   32.59886    119.76829    -0.03      0.21     0.21     1 
1190380250   32.60231    119.90491     0.24      0.19     0.30     1 
1190380251   32.60314    119.93907     0.10      0.04     0.10     1 
1190380252   32.60397    119.97324     0.03      0.21     0.21     1 
1190380253   32.60479    120.00740     0.05      0.17     0.18     1 
1190380256   32.60719    120.10990    -0.07      0.14     0.15     1 
1190380315   32.56776    119.56437     0.14      0.20     0.25     1 
1190380319   32.57142    119.70092    -0.11      0.12     0.16     1 
1190380321   32.57319    119.76921     0.23      0.09     0.25     1 
1190380323   32.57493    119.83750     0.08      0.14     0.16     1 
1190380325   32.57664    119.90580    -0.00      0.16     0.16     1 
1190380327   32.57830    119.97410    -0.00      0.22     0.22     1 
1190380330   32.58073    120.07656     0.11      0.10     0.15     1 
1190380333   32.58307    120.17904    -0.02      0.24     0.24     1 
1190380335   32.58459    120.24737    -0.04      0.49     0.49     1 
1190380390   32.54209    119.56535    -0.24     -0.04     0.24     1 
1190380391   32.54302    119.59947     0.03      0.02     0.04     1 
1190380393   32.54485    119.66773     0.03      0.03     0.05     1 
1190380396   32.54753    119.77013     0.15      0.13     0.20     1 
1190380399   32.55012    119.87254     0.18      0.25     0.31     1 
1190380400   32.55096    119.90668     0.07      0.01     0.07     1 
1190380402   32.55263    119.97496     0.23      0.06     0.24     1 
1190380403   32.55344    120.00911    -0.08      0.37     0.38     1 
1190380404   32.55425    120.04325    -0.10      0.10     0.14     1 
1190380406   32.55584    120.11155     0.08      0.23     0.24     1 
1190380411   32.55965    120.28230     0.10      0.07     0.13     1 
1190380412   32.56039    120.31646     0.02      0.36     0.36     1 
1190380413   32.56111    120.35062     0.09      0.40     0.41     1 
1190380465   32.51643    119.56633     0.07      0.03     0.08     1 
1190380466   32.51736    119.60044     0.01     -0.03     0.03     1 
1190380467   32.51828    119.63456     0.10     -0.06     0.12     1 
1190380468   32.51919    119.66868     0.36      0.15     0.39     1 
1190380475   32.52529    119.90756     0.04      0.22     0.23     1 
1190380479   32.52858    120.04409     0.14      0.29     0.33     1 
1190380480   32.52938    120.07823     0.09     -0.23     0.25     1 
1190380485   32.53323    120.24893    -0.01      0.27     0.27     1 
1190380487   32.53470    120.31722     0.13      0.34     0.37     1 
1190380488   32.53543    120.35137    -0.11      0.47     0.48     1 
1190380489   32.53614    120.38552    -0.14      0.39     0.41     1 
1190380491   32.53755    120.45382     0.10      0.25     0.27     1 
1190380493   32.53891    120.52213     0.11      0.56     0.57     2 
1190380545   32.49531    119.73785     0.10     -0.20     0.22     1 
1190380546   32.49619    119.77197     0.37     -0.03     0.37     1 
1190380550   32.49962    119.90844     0.07      0.17     0.19     1 
1190380551   32.50045    119.94256     0.18      0.25     0.31     1 
1190380560   32.50755    120.24972     0.00      0.46     0.46     1 
1190380568   32.51322    120.52283     0.05      0.12     0.13     1 
1190380569   32.51389    120.55697     0.12      0.38     0.40     1 
1190380570   32.51455    120.59112     0.05      0.46     0.47     1 
1190380571   32.51520    120.62527    -0.08      0.54     0.55     2 
1190380572   32.51584    120.65942    -0.12      0.55     0.56     2 
1190380573   32.51647    120.69357     0.04      0.51     0.51     2 
1190380614   32.46417    119.53418     0.33      0.14     0.36     1 
1190380622   32.47139    119.80699     0.18     -0.31     0.35     1 
1190380624   32.47310    119.87521     0.14     -0.02     0.14     1 
1190380625   32.47395    119.90932     0.01      0.17     0.17     1 
1190380636   32.48261    120.28462     0.03      0.16     0.16     1 
1190380639   32.48478    120.38701     0.08      0.32     0.33     1 
1190380642   32.48686    120.48940     0.01      0.38     0.38     1 
1190380643   32.48754    120.52353    -0.00      0.42     0.42     1 
1190380644   32.48821    120.55767    -0.19      0.43     0.47     1 
1190380645   32.48886    120.59181    -0.13      0.34     0.37     1 
1190380653   32.49380    120.86493    -0.11      0.60     0.61     2 
1190380689   32.43850    119.53516     0.02      0.09     0.09     1 
1190380690   32.43944    119.56925    -0.05      0.06     0.08     1 
1190380694   32.44308    119.70561     0.17     -0.49     0.52     2 
1190380700   32.44827    119.91019    -0.01     -0.04     0.05     1 
1190380711   32.45693    120.28539     0.06      0.32     0.33     1 
1190380712   32.45766    120.31951    -0.04      0.13     0.13     1 
1190380713   32.45838    120.35363     0.01      0.22     0.22     1 
1190380714   32.45909    120.38775     0.00      0.29     0.29     1 
1190380715   32.45980    120.42187    -0.18      0.33     0.38     1 
1190380716   32.46049    120.45599     0.13      0.28     0.31     1 
1190380717   32.46118    120.49012    -0.05      0.33     0.33     1 
1190380719   32.46252    120.55836    -0.02      0.14     0.14     1 
1190380720   32.46318    120.59249    -0.03      0.84     0.84     2 
1190380721   32.46383    120.62662     0.04      0.29     0.29     1 
1190380722   32.46446    120.66075    -0.11      0.48     0.49     1 
1190380723   32.46509    120.69488    -0.08      0.43     0.44     1 
1190380728   32.46811    120.86554     0.03      0.27     0.28     1 
1190380729   32.46868    120.89968    -0.03      0.47     0.47     1 
1190380731   32.46980    120.96795    -0.26      0.73     0.78     2 
1190380732   32.47035    121.00209    -0.15      0.76     0.78     2 
1190380764   32.41284    119.53615     0.27      0.05     0.28     1 
1190380781   32.42745    120.11565     0.12      0.05     0.13     1 
1190380786   32.43125    120.28616     0.02      0.21     0.21     1 
1190380787   32.43198    120.32027    -0.05      0.41     0.42     1 
1190380790   32.43411    120.42260     0.03      0.30     0.30     1 
1190380791   32.43481    120.45671    -0.19      0.23     0.30     1 
1190380792   32.43549    120.49083    -0.01      0.69     0.69     2 
1190380794   32.43683    120.55906     0.08      0.44     0.45     1 
1190380795   32.43749    120.59317     0.12      0.06     0.13     1 
1190380796   32.43814    120.62729    -0.02      0.46     0.46     1 
1190380797   32.43878    120.66141    -0.05      0.39     0.39     1 
1190380798   32.43941    120.69553    -0.12      0.45     0.47     1 
1190380799   32.44002    120.72965    -0.05      0.33     0.34     1 
1190380803   32.44241    120.86615    -0.08      0.62     0.62     2 
1190380805   32.44355    120.93440    -0.04      0.30     0.31     1 
1190380806   32.44411    120.96853    -0.19      0.42     0.46     1 
1190380808   32.44519    121.03678    -0.15      0.48     0.51     2 
1190380809   32.44572    121.07092    -0.03      0.70     0.70     2 
1190380840   32.38811    119.57119     0.15      0.20     0.25     1 
1190380841   32.38903    119.60526    -0.14      0.57     0.59     2 
1190380846   32.39351    119.77563    -0.04     -0.06     0.08     1 
1190380848   32.39524    119.84378     0.10     -0.12     0.15     1 
1190380856   32.40178    120.11647    -0.22      0.44     0.49     1 
1190380861   32.40556    120.28693     0.14      0.43     0.45     1 
1190380862   32.40629    120.32103    -0.03      0.22     0.22     1 
1190380863   32.40702    120.35513    -0.07      0.17     0.18     1 
1190380864   32.40773    120.38923    -0.06      0.16     0.17     1 
1190380865   32.40843    120.42333     0.10      0.35     0.36     1 
1190380866   32.40912    120.45744     0.02      0.38     0.39     1 
1190380867   32.40981    120.49154     0.01      0.19     0.19     1 
1190380870   32.41180    120.59386    -0.18      0.24     0.30     1 
1190380872   32.41309    120.66207    -0.01      0.42     0.42     1 
1190380873   32.41372    120.69618    -0.12      0.45     0.47     1 
1190380876   32.41555    120.79852    -0.15      0.57     0.58     2 
1190380881   32.41841    120.96910    -0.06      0.67     0.68     2 
1190380882   32.41896    121.00322    -0.05      0.66     0.66     2 
1190380883   32.41949    121.03734    -0.03      0.40     0.40     1 
1190380885   32.42054    121.10559    -0.04      0.38     0.38     1 
1190380887   32.42155    121.17383    -0.12      0.39     0.41     1 
1190380914   32.36151    119.53811     0.13     -0.30     0.33     1 
1190380916   32.36337    119.60622    -0.10     -0.10     0.14     1 
1190380917   32.36428    119.64028     0.10      0.01     0.10     1 
1190380919   32.36608    119.70841    -1.16     -0.84     1.43     3 
1190380922   32.36871    119.81061     0.09     -0.10     0.13     1 
1190380923   32.36957    119.84468     0.11      0.37     0.39     1 
1190380924   32.37041    119.87875    -0.08      0.23     0.24     1 
1190380929   32.37452    120.04912     0.05     -0.06     0.08     1 
1190380936   32.37988    120.28770     0.01      0.27     0.27     1 
1190380938   32.38133    120.35588    -0.17      0.16     0.23     1 
1190380939   32.38204    120.38997     0.02      0.18     0.18     1 
1190380940   32.38274    120.42406    -0.16      0.32     0.36     1 
1190380941   32.38344    120.45816     0.02     -0.05     0.05     1 
1190380946   32.38676    120.62864    -0.17      0.21     0.27     1 
1190380947   32.38740    120.66274     0.00      0.57     0.57     2 
1190380951   32.38985    120.79914     0.07      0.22     0.23     1 
1190380952   32.39045    120.83325    -0.04      0.14     0.15     1 
1190380954   32.39160    120.90146    -0.07      1.12     1.12     3 
1190380956   32.39272    120.96968    -0.06      0.30     0.31     1 
1190380958   32.39380    121.03790    -0.15      0.42     0.44     1 
1190380959   32.39433    121.07201    -0.17      0.47     0.50     1 
1190380961   32.39535    121.14024    -0.29      0.43     0.51     2 
1190380967   32.39821    121.34493    -0.12      0.49     0.50     2 
1190380989   32.33585    119.53909     0.28      0.15     0.32     1 
1190380990   32.33678    119.57313     0.16      0.03     0.16     1 
1190380991   32.33770    119.60718     0.28      0.06     0.29     1 
1190380992   32.33861    119.64123    -0.02      0.18     0.18     1 
1190380996   32.34217    119.77745     0.03     -0.00     0.03     1 
1190380997   32.34304    119.81151     0.17      0.01     0.17     1 
1190380998   32.34389    119.84557     0.17      0.51     0.53     2 
1190381004   32.34884    120.04996     0.11      0.12     0.16     1 
1190381010   32.35346    120.25439     0.06      0.18     0.19     1 
1190381013   32.35565    120.35663     0.13      0.40     0.42     1 
1190381014   32.35636    120.39071    -0.06      0.36     0.36     1 
1190381016   32.35775    120.45887     0.58     -0.25     0.63     2 
1190381023   32.36234    120.69749     0.09      0.35     0.36     1 
1190381027   32.36475    120.83386     0.03      0.75     0.75     2 
1190381032   32.36757    121.00435    -0.15      0.45     0.47     1 
1190381033   32.36810    121.03845    -0.03      0.62     0.62     2 
1190381035   32.36915    121.10666    -0.05      0.88     0.88     2 
1190381063   32.30925    119.50603     0.26      0.02     0.26     1 
1190381070   32.31563    119.74431     6.46     -3.06     7.14     5 
1190381073   32.31822    119.84646     0.06     -0.00     0.06     1 
1190381074   32.31907    119.88051    -0.16      0.03     0.16     1 
1190381082   32.32552    120.15297     0.03      0.24     0.24     1 
1190381087   32.32925    120.32331     0.02      0.07     0.07     1 
1190381088   32.32997    120.35738     0.03      0.25     0.25     1 
1190381091   32.33207    120.45959    -0.02      0.42     0.42     1 
1190381098   32.33665    120.69814     0.01      0.33     0.33     1 
1190381106   32.34133    120.97083    -0.11      0.62     0.63     2 
1190381108   32.34241    121.03901    -0.02      0.68     0.68     2 
1190381109   32.34293    121.07310    -0.11      0.69     0.70     2 
1190381118   32.34725    121.37997     0.01      0.79     0.79     2 
1190381137   32.28264    119.47299     0.30      0.08     0.31     1 
1190381138   32.28358    119.50701     0.14     -0.19     0.24     1 
1190381140   32.28545    119.57507    -0.02      0.25     0.25     1 
1190381147   32.29169    119.81331     0.05      0.06     0.07     1 
1190381155   32.29828    120.08567     0.20      0.21     0.29     1 
1190381158   32.30060    120.18783     0.18      0.28     0.34     1 
1190381159   32.30136    120.22189     0.08      0.17     0.19     1 
1190381161   32.30284    120.29000     0.21      0.28     0.35     1 
1190381162   32.30356    120.32406     0.05      0.20     0.21     1 
1190381167   32.30706    120.49438    -0.03      0.06     0.06     1 
1190381177   32.31337    120.83509     0.00      1.00     1.00     2 
1190381182   32.31618    121.00548    -0.08      0.55     0.56     2 
1190381183   32.31671    121.03956     0.09      0.50     0.51     2 
1190381187   32.31876    121.17590     0.31      0.38     0.49     1 
1190381214   32.25886    119.54201    -0.06     -0.31     0.32     1 
1190381215   32.25979    119.57603     0.28      1.95     1.97     3 
1190381217   32.26161    119.64408     0.03      0.01     0.04     1 
1190381219   32.26340    119.71212    -0.07     -0.21     0.22     1 
1190381223   32.26688    119.84824    -0.17      0.26     0.32     1 
1190381224   32.26772    119.88227     0.01     -0.35     0.35     1 
1190381227   32.27020    119.98438     0.06      0.15     0.16     1 
1190381228   32.27101    120.01842    -0.08      0.14     0.16     1 
1190381231   32.27338    120.12054     0.14      0.40     0.42     1 
1190381232   32.27416    120.15458     0.09      0.23     0.25     1 
1190381238   32.27860    120.35887    -0.03      0.34     0.34     1 
1190381239   32.27931    120.39292    -0.09      0.11     0.14     1 
1190381240   32.28001    120.42697    -0.04      0.53     0.53     2 
1190381242   32.28138    120.49508     0.04      0.29     0.30     1 
1190381243   32.28205    120.52914    -0.07      0.16     0.17     1 
1190381248   32.28527    120.69944    -0.26      0.66     0.71     2 
1190381255   32.28939    120.93790    -0.06      0.59     0.60     2 
1190381256   32.28994    120.97197    -0.08      0.51     0.52     2 
1190381258   32.29102    121.04012    -0.00      0.41     0.41     1 
1190381259   32.29154    121.07419     0.07      0.52     0.53     2 
1190381260   32.29206    121.10826    -0.10      0.23     0.25     1 
1190381287   32.23131    119.47497    -0.21     -0.09     0.23     1 
1190381296   32.23949    119.78109     0.14      0.19     0.23     1 
1190381301   32.24371    119.95120     0.00      0.16     0.16     1 
1190381305   32.24693    120.08732    -0.03      0.10     0.10     1 
1190381307   32.24848    120.15538    -0.09      0.40     0.41     1 
1190381308   32.24924    120.18942     0.10      0.29     0.31     1 
1190381309   32.24999    120.22345    -0.13      0.27     0.30     1 
1190381311   32.25147    120.29153     0.12      0.30     0.33     1 
1190381313   32.25292    120.35961    -0.13      0.43     0.45     1 
1190381318   32.25636    120.52984     0.16      0.37     0.40     1 
1190381321   32.25832    120.63198    -0.26      0.97     1.01     3 
1190381322   32.25895    120.66603    -0.09      0.13     0.16     1 
1190381325   32.26080    120.76820    -0.09      0.54     0.55     2 
1190381328   32.26256    120.87037    -0.05      0.47     0.47     1 
1190381329   32.26313    120.90443    -0.04      0.49     0.49     1 
1190381330   32.26369    120.93848    -0.06      0.66     0.66     2 
1190381331   32.26425    120.97254    -0.02      0.46     0.46     1 
1190381332   32.26479    121.00661    -0.01      0.71     0.71     2 
1190381333   32.26532    121.04067    -0.08      0.60     0.60     2 
1190381334   32.26584    121.07473     0.04      0.76     0.76     2 
1190381337   32.26736    121.17693    -0.15      0.68     0.69     2 
1190381340   32.26879    121.27913     0.12      0.74     0.75     2 
1190381363   32.20659    119.50996    -0.05      0.29     0.29     1 
1190381365   32.20846    119.57796     0.19     -0.05     0.19     1 
1190381366   32.20937    119.61196    -5.55      2.06     5.92     5 
1190381367   32.21028    119.64596     0.24      0.02     0.24     1 
1190381368   32.21118    119.67997     0.02     -0.10     0.10     1 
1190381371   32.21382    119.78199     0.40      0.16     0.43     1 
1190381372   32.21468    119.81600     0.64     -0.25     0.68     2 
1190381375   32.21721    119.91804     0.11      0.16     0.20     1 
1190381377   32.21885    119.98607     0.13      0.23     0.26     1 
1190381379   32.22046    120.05411     0.05      0.20     0.21     1 
1190381383   32.22356    120.19021     0.11     -0.04     0.12     1 
1190381386   32.22579    120.29229     0.19      0.14     0.24     1 
1190381388   32.22723    120.36035    -0.09      0.32     0.33     1 
1190381390   32.22863    120.42842     0.19      0.66     0.69     2 
1190381391   32.22932    120.46246     0.23      0.08     0.24     1 
1190381392   32.23000    120.49649    -0.06      0.40     0.40     1 
1190381393   32.23067    120.53053    -0.10      0.55     0.56     2 
1190381399   32.23450    120.73478     0.07      0.44     0.45     1 
1190381400   32.23511    120.76882    -0.14      0.54     0.56     2 
1190381402   32.23629    120.83692    -0.05      0.42     0.43     1 
1190381403   32.23687    120.87097     0.04      0.24     0.25     1 
1190381404   32.23744    120.90502     0.10      0.52     0.53     2 
1190381406   32.23855    120.97312    -0.00      0.22     0.22     1 
1190381408   32.23962    121.04122     0.03      0.37     0.37     1 
1190381409   32.24015    121.07527    -0.02      0.34     0.34     1 
1190381410   32.24066    121.10933    -0.29      0.55     0.62     2 
1190381419   32.24488    121.41586    -0.34      0.64     0.72     2 
1190381447   32.18901    119.81690     0.11      0.18     0.21     1 
1190381449   32.19070    119.88490     0.28     -0.12     0.30     1 
1190381450   32.19154    119.91891    -0.11     -0.01     0.11     1 
1190381455   32.19557    120.08895    -0.01      0.33     0.33     1 
1190381456   32.19635    120.12297     0.15      0.08     0.17     1 
1190381457   32.19712    120.15698     0.37     -0.01     0.37     1 
1190381458   32.19788    120.19100     0.06      0.00     0.06     1 
1190381459   32.19863    120.22501     0.15      0.23     0.27     1 
1190381460   32.19937    120.25903     0.10      0.27     0.28     1 
1190381461   32.20011    120.29305     0.02      0.10     0.11     1 
1190381463   32.20155    120.36110     0.04      0.13     0.13     1 
1190381465   32.20295    120.42915     0.14      0.40     0.42     1 
1190381467   32.20432    120.49720     0.03      0.26     0.27     1 
1190381473   32.20820    120.70138    -0.17      0.36     0.39     1 
1190381474   32.20881    120.73542    -0.32      0.41     0.52     2 
1190381477   32.21060    120.83753    -0.01      0.50     0.50     2 
1190381479   32.21175    120.90560    -0.09      0.76     0.76     2 
1190381481   32.21285    120.97369    -0.06      0.58     0.59     2 
1190381482   32.21340    121.00773     0.02      0.64     0.64     2 
1190381483   32.21393    121.04177     0.06      0.61     0.61     2 
1190381484   32.21445    121.07582    -0.09      0.39     0.40     1 
1190381485   32.21496    121.10986    -0.11      0.63     0.64     2 
1190381487   32.21596    121.17795    -0.19      0.67     0.70     2 
1190381511   32.15337    119.44397    -0.03     -0.05     0.06     1 
1190381528   32.16831    120.02177    -0.00      0.03     0.03     1 
1190381530   32.16989    120.08977     0.00     -0.05     0.05     1 
1190381531   32.17067    120.12378     0.06      0.10     0.12     1 
1190381532   32.17144    120.15778     0.17      0.19     0.26     1 
1190381533   32.17220    120.19179     0.12      0.03     0.12     1 
1190381536   32.17442    120.29381     0.05      0.34     0.34     1 
1190381538   32.17586    120.36184    -0.09      0.17     0.19     1 
1190381543   32.17930    120.53192    -0.05      0.02     0.05     1 
1190381554   32.18605    120.90619     0.05      0.34     0.34     1 
1190381556   32.18716    120.97426    -0.10      0.37     0.38     1 
1190381560   32.18927    121.11039    -0.04      0.54     0.54     2 
1190381568   32.19304    121.38271     0.91     -0.78     1.20     3 
1190381598   32.13852    119.85267     0.10      0.06     0.12     1 
1190381599   32.13936    119.88665     0.03      0.27     0.27     1 
1190381604   32.14343    120.05660     0.06      0.12     0.13     1 
1190381606   32.14499    120.12458     0.10      0.21     0.23     1 
1190381607   32.14576    120.15858     0.01      0.02     0.02     1 
1190381608   32.14652    120.19258     0.08      0.06     0.10     1 
1190381609   32.14727    120.22657     0.06      0.06     0.09     1 
1190381610   32.14801    120.26057     0.01      0.11     0.11     1 
1190381611   32.14874    120.29457    -0.12      0.09     0.15     1 
1190381612   32.14946    120.32858     0.35      0.19     0.40     1 
1190381616   32.15226    120.46460     0.05      0.08     0.10     1 
1190381618   32.15361    120.53261     0.03      0.13     0.14     1 
1190381625   32.15803    120.77071     0.05      0.35     0.35     1 
1190381629   32.16036    120.90678     0.01      0.18     0.18     1 
1190381643   32.16734    121.38316    -0.15      0.66     0.68     2 
1190381671   32.11113    119.78560    -0.02      0.05     0.06     1 
1190381674   32.11368    119.88752    -0.25      0.13     0.28     1 
1190381678   32.11695    120.02344     0.07     -0.11     0.13     1 
1190381679   32.11775    120.05742    -0.01      0.04     0.04     1 
1190381681   32.11931    120.12539     0.16      0.11     0.20     1 
1190381682   32.12008    120.15937     0.02      0.26     0.26     1 
1190381683   32.12084    120.19336     0.04      0.14     0.15     1 
1190381684   32.12159    120.22735    -0.06      0.45     0.45     1 
1190381685   32.12233    120.26134     0.00      0.00     0.00     1 
1190381686   32.12306    120.29533     0.08      0.11     0.14     1 
1190381688   32.12449    120.36332    -0.10      0.03     0.10     1 
1190381689   32.12520    120.39731     0.03      0.11     0.11     1 
1190381699   32.13173    120.73732    -0.12      0.41     0.43     1 
1190381701   32.13293    120.80534    -0.04      0.36     0.36     1 
1190381705   32.13522    120.94138    -0.07      0.57     0.58     2 
1190381738   32.07827    119.51485     0.07     -0.00     0.07     1 
1190381741   32.08104    119.61671     0.16     -0.04     0.16     1 
1190381743   32.08284    119.68462     0.02     -0.34     0.34     1 
1190381746   32.08546    119.78650     0.06     -0.01     0.06     1 
1190381748   32.08717    119.85443     0.17      0.36     0.40     1 
1190381749   32.08801    119.88840    -0.12      0.29     0.32     1 
1190381751   32.08966    119.95633     0.03      0.07     0.08     1 
1190381756   32.09363    120.12619     0.28     -0.48     0.56     2 
1190381759   32.09591    120.22813     0.06      0.13     0.14     1 
1190381771   32.10418    120.63597    -2.65     -0.03     2.65     4 
1190381776   32.10724    120.80595    -0.08      0.49     0.49     1 
1190381777   32.10782    120.83995    -0.02      0.27     0.27     1 
1190381778   32.10840    120.87395    -0.02      0.38     0.38     1 
1190381783   32.11114    121.04397    -0.28      0.43     0.52     2 
1190381814   32.05354    119.54977     0.15      0.01     0.15     1 
1190381817   32.05627    119.65160     0.18     -0.09     0.20     1 
1190381824   32.06234    119.88926    -0.02      0.10     0.10     1 
1190381825   32.06317    119.92322     0.11     -0.06     0.13     1 
1190381830   32.06718    120.09303     0.07      0.09     0.12     1 
1190381834   32.07023    120.22890    -0.12      0.12     0.17     1 
1190381837   32.07241    120.33082    -0.02      0.08     0.09     1 
1190381840   32.07452    120.43275     0.01      0.18     0.18     1 
1190381845   32.07785    120.60265     0.12      0.43     0.44     1 
1190381849   32.08035    120.73859    -0.04     -0.09     0.10     1 
1190381850   32.08096    120.77258    -0.33      0.05     0.33     1 
1190381856   32.08438    120.97653    -0.16      0.40     0.43     1 
1190381859   32.08597    121.07851    -0.13      0.43     0.46     1 
1190381861   32.08698    121.14651    -0.41      0.45     0.60     2 
1190381888   32.02695    119.51680     0.00     -0.15     0.15     1 
1190381889   32.02788    119.55073     0.24     -0.28     0.37     1 
1190381900   32.03749    119.92408     0.06     -0.13     0.14     1 
1190381909   32.04454    120.22968     0.20      0.18     0.27     1 
1190381918   32.05086    120.53538    -2.00      1.00     2.24     4 
1190381924   32.05466    120.73922     0.48      0.47     0.67     2 
1190381931   32.05868    120.97709    -0.10      0.71     0.72     2 
1190381935   32.06078    121.11304    -0.19      0.40     0.44     1 
1190381937   32.06177    121.18102    -0.09      0.76     0.76     2 
1190381960   31.99845    119.41601     0.34     -0.48     0.59     2 
1190381961   31.99940    119.44993     0.15     -0.20     0.25     1 
1190381962   32.00035    119.48385     0.17     -0.04     0.17     1 
1190381964   32.00221    119.55169    -0.06     -0.07     0.09     1 
1190381968   32.00583    119.68740     0.31      0.07     0.32     1 
1190381970   32.00759    119.75526     0.06     -0.26     0.27     1 
1190381973   32.01015    119.85707    -0.02      0.18     0.18     1 
1190381974   32.01099    119.89100     0.02      0.11     0.11     1 
1190381980   32.01582    120.09466     0.19     -0.08     0.20     1 
1190381984   32.01886    120.23045    -0.08      0.17     0.19     1 
1190381994   32.02583    120.57003     2.51      6.18     6.67     5 
1190382000   32.02957    120.77382     1.19     -0.00     1.19     3 
1190382002   32.03075    120.84176     0.02      0.20     0.20     1 
1190382004   32.03188    120.90971    -0.11      0.28     0.30     1 
1190382008   32.03405    121.04561     0.20      0.14     0.24     1 
1190382012   32.03607    121.18153     0.09      0.23     0.25     1 
1190382037   31.97468    119.48483     0.18     -0.26     0.31     1 
1190382038   31.97562    119.51874     0.02     -0.05     0.06     1 
1190382040   31.97746    119.58657    -0.15     -0.29     0.33     1 
1190382049   31.98531    119.89187    -0.07      0.07     0.10     1 
1190382064   31.99677    120.40095    -0.08      0.05     0.09     1 
1190382077   32.00505    120.84237     0.17      0.12     0.20     1 
1190382112   31.94902    119.48581     0.13     -0.27     0.30     1 
1190382114   31.95088    119.55361     0.06     -0.01     0.06     1 
1190382116   31.95270    119.62143    -0.02     -0.13     0.13     1 
1190382118   31.95449    119.68924    -0.00     -0.26     0.26     1 
1190382124   31.95964    119.89274    -0.07     -0.14     0.16     1 
1190382130   31.96446    120.09628     0.25     -0.00     0.25     1 
1190382131   31.96523    120.13020    -0.01      0.16     0.16     1 
1190382135   31.96823    120.26593    -0.02     -0.05     0.05     1 
1190382145   31.97509    120.60533    -0.40      0.23     0.46     1 
1190382149   31.97758    120.74112    -0.32      0.45     0.55     2 
1190382184   31.92050    119.38512     0.17     -0.30     0.35     1 
1190382186   31.92241    119.45289     0.22     -0.06     0.23     1 
1190382187   31.92335    119.48679     0.24     -0.10     0.26     1 
1190382193   31.92882    119.69017    -0.17     -0.48     0.51     2 
1190382202   31.93642    119.99534    -0.13     -0.11     0.17     1 
1190382211   31.94328    120.30062    -0.39     -0.14     0.42     1 
1190382228   31.95424    120.87751     0.48     -0.11     0.50     1 
1190382242   31.96129    121.35282    -0.03      0.35     0.35     1 
1190382259   31.89484    119.38612     0.37      0.11     0.38     1 
1190382260   31.89580    119.42000     0.22     -0.09     0.24     1 
1190382261   31.89675    119.45388     0.06     -0.03     0.07     1 
1190382262   31.89769    119.48776     0.01     -0.11     0.11     1 
1190382263   31.89862    119.52165     0.07     -0.19     0.20     1 
1190382269   31.90403    119.72498     0.18     -0.01     0.18     1 
1190382270   31.90490    119.75887     0.14      0.21     0.25     1 
1190382272   31.90661    119.82667     0.14      0.02     0.14     1 
1190382273   31.90746    119.86056     0.16     -0.10     0.19     1 
1190382275   31.90912    119.92836    -0.03     -0.09     0.10     1 
1190382291   31.92108    120.47096     0.32      0.48     0.57     2 
1190382292   31.92176    120.50489    -0.45      0.11     0.46     1 
1190382294   31.92307    120.57273     0.19      0.19     0.27     1 
1190382298   31.92559    120.70844     0.16      0.18     0.24     1 
1190382300   31.92680    120.77630     0.23      0.15     0.27     1 
1190382309   31.93178    121.08173    -0.42      0.43     0.60     2 
1190382316   31.93515    121.31933     0.03      0.88     0.88     2 
1190382334   31.86918    119.38712     0.01      0.11     0.11     1 
1190382335   31.87014    119.42099    -0.09     -0.25     0.27     1 
1190382336   31.87109    119.45486    -0.04     -0.14     0.14     1 
1190382337   31.87203    119.48874     0.01     -0.04     0.04     1 
1190382338   31.87296    119.52261     0.16      0.02     0.17     1 
1190382340   31.87479    119.59036    -0.02     -0.04     0.04     1 
1190382341   31.87570    119.62424     0.11     -0.01     0.11     1 
1190382342   31.87660    119.65812    -0.02     -0.09     0.09     1 
1190382345   31.87923    119.75977     0.00     -0.33     0.33     1 
1190382346   31.88009    119.79366    -0.43      0.08     0.44     1 
1190382350   31.88344    119.92922     0.05     -0.32     0.33     1 
1190382360   31.89118    120.26821    -0.07      0.16     0.18     1 
1190382371   31.89866    120.64124     0.22     -0.12     0.25     1 
1190382388   31.90806    121.21799     0.11      0.17     0.21     1 
1190382410   31.84447    119.42199     0.07     -0.15     0.17     1 
1190382411   31.84542    119.45585    -0.02     -0.09     0.09     1 
1190382412   31.84636    119.48971     0.13     -0.14     0.19     1 
1190382413   31.84729    119.52358     0.10     -0.21     0.23     1 
1190382414   31.84821    119.55744     0.09     -0.22     0.24     1 
1190382415   31.84913    119.59131    -0.01     -0.05     0.05     1 
1190382417   31.85093    119.65905     0.15     -0.17     0.22     1 
1190382419   31.85269    119.72680    -0.06     -0.17     0.18     1 
1190382420   31.85356    119.76067    -0.01     -0.07     0.07     1 
1190382421   31.85442    119.79455    -0.04     -0.17     0.17     1 
1190382428   31.86018    120.03173     0.01     -0.03     0.03     1 
1190382429   31.86097    120.06561     0.09      0.00     0.09     1 
1190382430   31.86174    120.09950     0.03     -0.01     0.03     1 
1190382431   31.86251    120.13339     0.05     -0.03     0.05     1 
1190382432   31.86327    120.16729     0.33      0.09     0.34     1 
1190382433   31.86403    120.20118     4.15     -0.01     4.15     5 
1190382437   31.86694    120.33676    -0.17      0.13     0.21     1 
1190382439   31.86834    120.40456     0.12      0.08     0.14     1 
1190382451   31.87600    120.81145     0.01      0.11     0.11     1 
1190382460   31.88089    121.11672    -0.21      0.48     0.53     2 
1190382483   31.81689    119.35528    -0.06     -0.17     0.18     1 
1190382485   31.81881    119.42298     0.12      0.05     0.13     1 
1190382486   31.81976    119.45683     0.12     -0.01     0.12     1 
1190382488   31.82163    119.52454    -0.05     -0.08     0.09     1 
1190382489   31.82255    119.55840    -0.08     -0.22     0.24     1 
1190382490   31.82346    119.59225     0.00     -0.11     0.11     1 
1190382491   31.82436    119.62611     0.10     -0.25     0.28     1 
1190382492   31.82526    119.65998    -0.22      0.00     0.22     1 
1190382494   31.82702    119.72770     0.11     -0.06     0.13     1 
1190382495   31.82789    119.76157     0.04     -0.11     0.11     1 
1190382504   31.83529    120.06643    -0.01     -0.03     0.03     1 
1190382505   31.83607    120.10031    -0.04     -0.02     0.05     1 
1190382507   31.83759    120.16807     0.14     -0.03     0.14     1 
1190382512   31.84125    120.33750     0.04      0.02     0.04     1 
1190382526   31.85031    120.81206    -0.46      0.48     0.67     2 
1190382531   31.85311    120.98160     0.11      0.37     0.39     1 
1190382535   31.85519    121.11724     0.01      0.45     0.45     1 
1190382538   31.85666    121.21898     0.05     -0.29     0.30     1 
1190382558   31.79123    119.35629     0.23      0.01     0.23     1 
1190382559   31.79219    119.39013    -0.00     -0.04     0.04     1 
1190382561   31.79409    119.45781    -0.12     -0.02     0.12     1 
1190382562   31.79503    119.49165    -0.04     -0.11     0.11     1 
1190382563   31.79596    119.52550     0.00     -0.04     0.04     1 
1190382564   31.79688    119.55935    -0.03     -0.21     0.21     1 
1190382565   31.79779    119.59320    -0.02     -0.17     0.17     1 
1190382566   31.79870    119.62705     0.02     -0.17     0.17     1 
1190382567   31.79959    119.66090    -0.01     -0.14     0.14     1 
1190382568   31.80047    119.69476    -0.06     -0.21     0.22     1 
1190382569   31.80135    119.72861     0.04     -0.06     0.07     1 
1190382571   31.80307    119.79632     0.09      0.20     0.22     1 
1190382578   31.80882    120.03337     0.13      0.06     0.14     1 
1190382579   31.80961    120.06724     0.06      0.06     0.09     1 
1190382580   31.81039    120.10111    -0.04      0.21     0.21     1 
1190382581   31.81115    120.13498    -0.03     -0.06     0.07     1 
1190382582   31.81191    120.16886     0.06      0.02     0.06     1 
1190382586   31.81486    120.30436     0.16     -0.04     0.16     1 
1190382596   31.82159    120.64320    -0.06     -0.09     0.11     1 
1190382599   31.82343    120.74488     0.19      0.12     0.22     1 
1190382613   31.83096    121.21948    -0.20      0.25     0.33     1 
1190382614   31.83143    121.25338     0.82      0.16     0.84     2 
1190382633   31.76556    119.35729     0.05     -0.08     0.10     1 
1190382634   31.76653    119.39112    -0.09      0.11     0.14     1 
1190382635   31.76748    119.42496    -0.07     -0.68     0.68     2 
1190382636   31.76843    119.45879     0.13      0.06     0.14     1 
1190382637   31.76937    119.49263     0.06     -0.17     0.18     1 
1190382638   31.77030    119.52646     0.02     -0.28     0.28     1 
1190382643   31.77480    119.69567    -0.25      0.00     0.25     1 
1190382644   31.77568    119.72952    -0.04     -0.07     0.08     1 
1190382645   31.77654    119.76336    -0.12     -0.19     0.23     1 
1190382646   31.77740    119.79721    -0.18     -0.20     0.27     1 
1190382650   31.78074    119.93262    -0.07     -0.09     0.11     1 
1190382651   31.78155    119.96648    -0.21     -0.14     0.25     1 
1190382653   31.78315    120.03419    -0.49      0.02     0.49     1 
1190382654   31.78393    120.06805    -0.18     -0.17     0.24     1 
1190382656   31.78547    120.13577    -0.37     -0.11     0.38     1 
1190382657   31.78623    120.16964    -0.09      0.02     0.09     1 
1190382666   31.79265    120.47447    -0.02     -0.00     0.02     1 
1190382677   31.79950    120.84716    -0.06     -1.45     1.45     3 
1190382689   31.80573    121.25387     0.15      0.79     0.81     2 
1190382690   31.80619    121.28776     0.13      0.55     0.56     2 
1190382708   31.73990    119.35830     0.05      0.08     0.10     1 
1190382711   31.74277    119.45977     0.25      0.03     0.25     1 
1190382712   31.74370    119.49359     0.22     -0.11     0.25     1 
1190382713   31.74463    119.52742     0.06     -0.16     0.17     1 
1190382717   31.74825    119.66275    -0.10     -0.15     0.18     1 
1190382718   31.74913    119.69658     0.33     -0.14     0.36     1 
1190382720   31.75087    119.76426    -0.34     -0.11     0.35     1 
1190382722   31.75257    119.83194     0.08      0.20     0.21     1 
1190382724   31.75424    119.89962    -0.21      0.10     0.23     1 
1190382727   31.75667    120.00116     0.09      0.02     0.09     1 
1190382732   31.76055    120.17042     0.01     -0.17     0.17     1 
1190382733   31.76130    120.20428    -0.04      0.41     0.42     1 
1190382735   31.76277    120.27199     0.09      0.09     0.13     1 
1190382737   31.76420    120.33971    -0.05      0.03     0.06     1 
1190382741   31.76696    120.47517     0.16     -0.09     0.18     1 
1190382742   31.76762    120.50903     0.01     -0.02     0.02     1 
1190382743   31.76828    120.54290     0.02     -0.36     0.37     1 
1190382746   31.77020    120.64451     0.07      0.05     0.08     1 
1190382749   31.77204    120.74613     0.33      0.43     0.54     2 
1190382751   31.77322    120.81388    -0.31      0.79     0.85     2 
1190382752   31.77380    120.84776    -0.06      0.26     0.27     1 
1190382763   31.77956    121.22046    -0.11     -0.07     0.13     1 
1190382764   31.78003    121.25435     0.05      0.09     0.10     1 
1190382765   31.78049    121.28824    -0.14      0.29     0.33     1 
1190382783   31.71424    119.35931    -0.09     -0.20     0.22     1 
1190382784   31.71521    119.39312     0.14     -0.03     0.14     1 
1190382785   31.71616    119.42693    -0.12     -0.25     0.27     1 
1190382787   31.71804    119.49456    -0.01      0.04     0.05     1 
1190382788   31.71896    119.52838     0.08      0.04     0.10     1 
1190382789   31.71988    119.56220     0.04      0.16     0.17     1 
1190382790   31.72079    119.59602    -0.13     -0.20     0.24     1 
1190382791   31.72169    119.62984    -0.06     -0.10     0.12     1 
1190382792   31.72258    119.66367     0.27     -0.04     0.27     1 
1190382793   31.72346    119.69749     0.12      0.03     0.12     1 
1190382794   31.72434    119.73132    -0.08     -0.01     0.08     1 
1190382796   31.72605    119.79898     0.05      0.03     0.06     1 
1190382806   31.73411    120.13736     0.06      0.06     0.09     1 
1190382809   31.73635    120.23890     0.11     -0.10     0.14     1 
1190382811   31.73780    120.30660     0.08     -0.09     0.12     1 
1190382817   31.74194    120.50972     0.16      0.08     0.18     1 
1190382819   31.74324    120.57744    -0.00      0.27     0.27     1 
1190382821   31.74451    120.64516    -0.05     -0.14     0.15     1 
1190382825   31.74694    120.78062     0.13      0.16     0.20     1 
1190382829   31.74923    120.91609     0.18     -0.04     0.19     1 
1190382839   31.75433    121.25483    -0.18     -0.71     0.73     2 
1190382840   31.75478    121.28871     0.08      0.16     0.18     1 
1190382859   31.68954    119.39411     0.01     -0.12     0.12     1 
1190382860   31.69049    119.42791     0.02     -0.11     0.11     1 
1190382861   31.69144    119.46172     0.05      0.10     0.11     1 
1190382862   31.69237    119.49553     0.03     -0.01     0.03     1 
1190382864   31.69421    119.56315    -0.02     -0.02     0.03     1 
1190382865   31.69512    119.59696     0.02     -0.20     0.20     1 
1190382866   31.69602    119.63077    -0.02     -0.20     0.20     1 
1190382869   31.69866    119.73222     0.00      0.08     0.08     1 
1190382870   31.69953    119.76604     0.06     -0.02     0.06     1 
1190382873   31.70206    119.86751     0.18      0.09     0.20     1 
1190382878   31.70611    120.03665     0.25      0.45     0.52     2 
1190382883   31.70993    120.20582     0.02     -0.01     0.02     1 
1190382888   31.71353    120.37502    -0.01     -0.51     0.51     2 
1190382891   31.71558    120.47656    -0.01      0.04     0.04     1 
1190382893   31.71690    120.54426    -0.12     -0.07     0.14     1 
1190382901   31.72184    120.81509    -0.05     -0.14     0.15     1 
1190382906   31.72463    120.98439     0.10      0.08     0.13     1 
1190382914   31.72862    121.25531    -0.02     -0.12     0.12     1 
1190382915   31.72908    121.28918    -0.04      0.11     0.12     1 
1190382932   31.66195    119.32752     0.12     -0.25     0.28     1 
1190382934   31.66388    119.39510    -0.39     -0.32     0.51     2 
1190382935   31.66483    119.42890    -0.02      0.14     0.14     1 
1190382936   31.66577    119.46269    -0.03      0.12     0.13     1 
1190382937   31.66671    119.49649     0.04      0.05     0.06     1 
1190382938   31.66763    119.53029    -0.09      0.03     0.09     1 
1190382939   31.66855    119.56409     0.08      0.01     0.08     1 
1190382942   31.67124    119.66551     0.03      0.27     0.28     1 
1190382943   31.67212    119.69931    -0.05      0.04     0.06     1 
1190382945   31.67385    119.76693    -0.18      0.20     0.27     1 
1190382952   31.67964    120.00364     0.01      0.11     0.11     1 
1190382953   31.68043    120.03746    -0.03     -0.11     0.12     1 
1190382956   31.68275    120.13894    -0.07      0.01     0.07     1 
1190382958   31.68425    120.20659    -0.02      0.27     0.27     1 
1190382963   31.68784    120.37575     0.05      0.17     0.18     1 
1190382965   31.68922    120.44342     0.17     -0.16     0.23     1 
1190382969   31.69186    120.57877    -0.06     -0.18     0.19     1 
1190382970   31.69250    120.61262     0.17     -0.23     0.29     1 
1190382971   31.69313    120.64646    -0.17     -0.09     0.19     1 
1190382977   31.69672    120.84954    -0.03      0.08     0.08     1 
1190382978   31.69728    120.88339    -0.02      0.12     0.12     1 
1190382982   31.69946    121.01880     0.00      0.10     0.10     1 
1190382984   31.70049    121.08651     0.09      0.18     0.20     1 
1190382986   31.70149    121.15422    -5.24      4.74     7.06     5 
1190383007   31.63629    119.32853     0.09     -0.02     0.09     1 
1190383008   31.63726    119.36231     0.11      0.02     0.11     1 
1190383010   31.63917    119.42988     0.01     -0.11     0.11     1 
1190383011   31.64011    119.46367     0.35      0.02     0.35     1 
1190383012   31.64104    119.49746     0.11     -0.31     0.33     1 
1190383016   31.64468    119.63263    -0.01     -0.22     0.22     1 
1190383017   31.64557    119.66642    -0.07      0.10     0.12     1 
1190383020   31.64818    119.76782    -0.12     -0.02     0.12     1 
1190383028   31.65475    120.03828    -0.08      0.05     0.09     1 
1190383032   31.65782    120.17354     0.09      0.34     0.35     1 
1190383042   31.66487    120.51178     0.03     -0.02     0.03     1 
1190383044   31.66617    120.57944     0.17     -0.41     0.44     1 
1190383046   31.66744    120.64711    -0.05     -0.08     0.09     1 
1190383047   31.66806    120.68094     0.10     -0.07     0.12     1 
1190383048   31.66867    120.71478    -0.16     -0.24     0.29     1 
1190383050   31.66986    120.78245     0.08     -0.02     0.08     1 
1190383051   31.67045    120.81629     0.04      0.05     0.07     1 
1190383052   31.67102    120.85013    -0.10      0.26     0.28     1 
1190383054   31.67214    120.91781     0.11      0.10     0.15     1 
1190383055   31.67269    120.95166     0.25      0.32     0.40     1 
1190383058   31.67428    121.05319    -0.05     -0.05     0.07     1 
1190383060   31.67530    121.12088    -0.03     -0.03     0.04     1 
1190383083   31.61160    119.36331    -0.06      0.01     0.06     1 
1190383085   31.61350    119.43086     0.36     -0.09     0.37     1 
1190383086   31.61444    119.46464     0.15     -0.05     0.16     1 
1190383087   31.61538    119.49842     0.01     -0.11     0.11     1 
1190383091   31.61902    119.63355     0.02     -0.09     0.09     1 
1190383092   31.61990    119.66734     0.12     -0.13     0.18     1 
1190383093   31.62078    119.70113    -0.18      0.08     0.20     1 
1190383095   31.62251    119.76871    -0.02      0.02     0.03     1 
1190383100   31.62668    119.93769    -0.12     -0.09     0.15     1 
1190383104   31.62985    120.07290    -0.01      0.05     0.05     1 
1190383105   31.63062    120.10671     0.07     -0.22     0.23     1 
1190383109   31.63362    120.24194     0.05      0.18     0.18     1 
1190383112   31.63577    120.34338    -0.01     -0.22     0.22     1 
1190383121   31.64175    120.64776     0.21     -0.48     0.53     2 
1190383122   31.64236    120.68158    -0.16     -0.21     0.26     1 
1190383123   31.64297    120.71541    -0.06     -0.13     0.14     1 
1190383125   31.64417    120.78306     0.04     -0.12     0.13     1 
1190383128   31.64589    120.88455     0.20     -0.08     0.22     1 
1190383131   31.64753    120.98605    -0.09     -0.24     0.26     1 
1190383132   31.64806    121.01989    -0.33      0.22     0.40     1 
1190383133   31.64858    121.05372    -0.25      0.24     0.35     1 
1190383134   31.64909    121.08756    -0.01      0.14     0.14     1 
1190383156   31.58399    119.29678    -0.01     -0.13     0.13     1 
1190383157   31.58497    119.33055     0.04      0.04     0.06     1 
1190383158   31.58593    119.36431     0.02     -0.14     0.14     1 
1190383159   31.58689    119.39808    -0.01     -0.03     0.03     1 
1190383160   31.58784    119.43184     0.20      0.02     0.20     1 
1190383161   31.58878    119.46561    -0.00      0.06     0.06     1 
1190383162   31.58971    119.49938     0.10      0.04     0.11     1 
1190383164   31.59155    119.56693     0.17      0.28     0.32     1 
1190383165   31.59245    119.60070     0.05      0.04     0.06     1 
1190383166   31.59334    119.63448     0.08     -0.01     0.08     1 
1190383167   31.59423    119.66826     0.06      0.14     0.15     1 
1190383173   31.59936    119.87095    -0.04     -0.12     0.13     1 
1190383174   31.60019    119.90474    -0.04     -0.06     0.07     1 
1190383179   31.60417    120.07370    -0.31      0.19     0.37     1 
1190383180   31.60494    120.10750    -0.01     -0.06     0.06     1 
1190383187   31.61009    120.34411     0.29      0.14     0.32     1 
1190383193   31.61414    120.54696     0.14     -0.11     0.18     1 
1190383194   31.61479    120.58077     0.11     -0.17     0.21     1 
1190383195   31.61543    120.61459     0.09      0.02     0.09     1 
1190383196   31.61605    120.64840    -0.08      0.25     0.26     1 
1190383198   31.61728    120.71604    -0.07      0.04     0.08     1 
1190383199   31.61788    120.74985     0.01      0.07     0.07     1 
1190383200   31.61847    120.78367    -0.07      0.27     0.28     1 
1190383202   31.61963    120.85131     0.01      0.15     0.15     1 
1190383203   31.62019    120.88514    -0.07      0.02     0.07     1 
1190383207   31.62236    121.02043    -0.11     -0.07     0.13     1 
1190383209   31.62340    121.08809     0.21      0.19     0.28     1 
1190383211   31.62439    121.15574    -0.03     -0.01     0.03     1 
1190383231   31.55833    119.29780    -0.05      0.14     0.15     1 
1190383233   31.56027    119.36531     0.07      0.20     0.21     1 
1190383235   31.56218    119.43282    -0.07      0.10     0.12     1 
1190383237   31.56405    119.50034     0.04     -0.17     0.18     1 
1190383239   31.56588    119.56787     0.08     -0.12     0.14     1 
1190383240   31.56678    119.60163    -0.06     -0.20     0.21     1 
1190383241   31.56768    119.63540     0.05      0.21     0.22     1 
1190383249   31.57451    119.90559    -0.04      0.12     0.13     1 
1190383252   31.57693    120.00694    -0.07     -0.14     0.15     1 
1190383253   31.57771    120.04072    -0.05      0.02     0.06     1 
1190383255   31.57926    120.10829    -0.13      0.09     0.16     1 
1190383259   31.58225    120.24345    -0.10     -0.03     0.11     1 
1190383260   31.58298    120.27725     0.15     -0.06     0.17     1 
1190383267   31.58780    120.51383     0.61     -0.03     0.61     2 
1190383268   31.58845    120.54763     0.10      0.05     0.12     1 
1190383269   31.58910    120.58144    -0.06     -0.19     0.20     1 
1190383270   31.58974    120.61524    -0.21      0.05     0.22     1 
1190383272   31.59098    120.68286    -0.01      0.01     0.02     1 
1190383273   31.59159    120.71666     0.12     -0.04     0.12     1 
1190383275   31.59278    120.78428     0.13      0.28     0.31     1 
1190383277   31.59393    120.85190    -0.10      0.07     0.12     1 
1190383278   31.59450    120.88572     0.07      0.06     0.09     1 
1190383279   31.59505    120.91953    -0.04      0.19     0.20     1 
1190383282   31.59667    121.02098    -0.08     -0.08     0.11     1 
1190383283   31.59719    121.05479     0.10      0.21     0.23     1 
1190383286   31.59869    121.15625    -0.08     -0.11     0.14     1 
1190383306   31.53267    119.29881    -0.01      0.17     0.17     1 
1190383307   31.53365    119.33256     0.18      0.25     0.31     1 
1190383308   31.53461    119.36630     0.11      0.10     0.15     1 
1190383309   31.53557    119.40005     0.07     -0.22     0.23     1 
1190383310   31.53651    119.43380     0.01      0.11     0.11     1 
1190383311   31.53745    119.46755    -0.04      0.02     0.05     1 
1190383312   31.53838    119.50130    -0.07      0.02     0.08     1 
1190383313   31.53930    119.53505    -0.07      0.02     0.07     1 
1190383314   31.54021    119.56881     0.18      0.35     0.40     1 
1190383315   31.54111    119.60256     0.03      0.02     0.03     1 
1190383316   31.54201    119.63632     0.07     -0.00     0.07     1 
1190383322   31.54718    119.83890    -0.01      0.13     0.13     1 
1190383323   31.54801    119.87267     0.04     -0.01     0.04     1 
1190383324   31.54883    119.90644     0.05      0.14     0.15     1 
1190383325   31.54965    119.94021    -0.00     -0.24     0.24     1 
1190383326   31.55045    119.97398     0.04      0.42     0.42     1 
1190383327   31.55125    120.00776     0.08     -0.00     0.08     1 
1190383332   31.55509    120.17665    -0.35      0.13     0.38     1 
1190383335   31.55729    120.27799     0.10      0.04     0.11     1 
1190383336   31.55801    120.31178    -0.17      0.15     0.22     1 
1190383343   31.56276    120.54831     0.09     -0.11     0.14     1 
1190383344   31.56341    120.58210     0.06      0.09     0.11     1 
1190383345   31.56404    120.61590     0.12     -0.04     0.13     1 
1190383346   31.56467    120.64969    -0.01      0.05     0.05     1 
1190383347   31.56529    120.68349    -0.02     -0.14     0.14     1 
1190383348   31.56590    120.71729    -0.31      0.01     0.31     1 
1190383350   31.56708    120.78489    -0.16     -0.12     0.20     1 
1190383352   31.56824    120.85249    -0.06     -0.11     0.13     1 
1190383353   31.56880    120.88630    -0.05     -0.06     0.08     1 
1190383356   31.57044    120.98771     0.22     -0.27     0.35     1 
1190383357   31.57097    121.02152     0.01      0.00     0.01     1 
1190383359   31.57200    121.08914     0.37      2.97     2.99     4 
1190383360   31.57250    121.12295    -0.06     -0.02     0.06     1 
1190383381   31.50701    119.29982     0.09      0.22     0.24     1 
1190383384   31.50990    119.40103    -0.03     -0.04     0.05     1 
1190383385   31.51085    119.43477     0.00      0.10     0.10     1 
1190383386   31.51179    119.46851    -0.06     -0.04     0.07     1 
1190383387   31.51271    119.50226     0.01     -0.03     0.03     1 
1190383388   31.51363    119.53600     0.00      0.19     0.19     1 
1190383390   31.51544    119.60350    -0.03      0.13     0.13     1 
1190383391   31.51634    119.63724    -0.02      0.01     0.02     1 
1190383392   31.51722    119.67100     0.13      0.31     0.33     1 
1190383394   31.51896    119.73850    -0.00     -0.03     0.03     1 
1190383398   31.52234    119.87353     0.06      0.03     0.06     1 
1190383399   31.52316    119.90729     0.02     -0.16     0.16     1 
1190383400   31.52397    119.94105     0.18     -0.04     0.19     1 
1190383405   31.52790    120.10988     0.14      0.01     0.14     1 
1190383406   31.52866    120.14365     0.00      0.08     0.08     1 
1190383408   31.53015    120.21119     0.18      0.12     0.22     1 
1190383411   31.53232    120.31252     0.11      0.44     0.46     1 
1190383412   31.53303    120.34629     0.00     -0.08     0.08     1 
1190383416   31.53576    120.48141    -0.11     -0.03     0.11     1 
1190383423   31.54020    120.71792    -0.07     -0.14     0.16     1 
1190383424   31.54080    120.75171    -0.10     -0.03     0.10     1 
1190383425   31.54139    120.78550     0.29      0.10     0.31     1 
1190383426   31.54197    120.81929    -0.04      0.01     0.04     1 
1190383427   31.54254    120.85308    -0.05      0.12     0.13     1 
1190383429   31.54366    120.92067     0.13     -0.34     0.36     1 
1190383430   31.54421    120.95447     0.20      0.13     0.24     1 
1190383432   31.54527    121.02206    -0.00     -0.02     0.02     1 
1190383455   31.48037    119.26711     0.22      0.18     0.28     1 
1190383456   31.48135    119.30084    -0.01      0.14     0.14     1 
1190383457   31.48232    119.33456     0.25      0.20     0.32     1 
1190383458   31.48329    119.36829     0.01      0.07     0.07     1 
1190383459   31.48424    119.40202    -0.02      0.19     0.19     1 
1190383460   31.48518    119.43575    -0.06      0.18     0.19     1 
1190383461   31.48612    119.46948    -0.00     -0.05     0.05     1 
1190383462   31.48705    119.50321    -0.00      0.04     0.04     1 
1190383463   31.48797    119.53695    -0.10      0.06     0.12     1 
1190383464   31.48888    119.57069    -0.03     -0.14     0.14     1 
1190383465   31.48978    119.60443    -0.05      0.37     0.37     1 
1190383466   31.49067    119.63816    -0.13     -0.10     0.17     1 
1190383467   31.49155    119.67191     0.25      0.22     0.33     1 
1190383468   31.49242    119.70565     0.11      0.18     0.21     1 
1190383469   31.49329    119.73939     0.07     -0.06     0.09     1 
1190383471   31.49499    119.80688     0.05      0.05     0.07     1 
1190383472   31.49583    119.84063    -0.03      0.03     0.04     1 
1190383473   31.49666    119.87438    -0.14      0.20     0.25     1 
1190383477   31.49989    120.00940     0.04     -0.21     0.21     1 
1190383484   31.50520    120.24572     0.04      0.25     0.25     1 
1190383493   31.51138    120.54965     0.37      0.25     0.44     1 
1190383495   31.51266    120.61720     0.04      0.04     0.06     1 
1190383496   31.51328    120.65098     0.13      0.34     0.36     1 
1190383497   31.51390    120.68476     0.02      0.08     0.09     1 
1190383499   31.51511    120.75232     0.21      0.14     0.25     1 
1190383501   31.51628    120.81989    -0.03     -0.00     0.03     1 
1190383502   31.51685    120.85367    -0.03     -0.03     0.04     1 
1190383505   31.51851    120.95503     0.09      0.23     0.25     1 
1190383506   31.51904    120.98882     0.14     -0.05     0.15     1 
1190383530   31.45471    119.26813    -0.10      0.14     0.17     1 
1190383531   31.45569    119.30185     0.08      0.23     0.24     1 
1190383532   31.45666    119.33556     0.13      0.06     0.14     1 
1190383533   31.45762    119.36928    -0.00      0.06     0.06     1 
1190383535   31.45952    119.43672     0.08     -0.15     0.17     1 
1190383536   31.46045    119.47045     0.01      0.10     0.10     1 
1190383537   31.46138    119.50417     0.06      0.20     0.21     1 
1190383538   31.46230    119.53790    -0.13      0.06     0.14     1 
1190383539   31.46321    119.57162    -0.02      0.12     0.12     1 
1190383540   31.46411    119.60535     0.21      0.01     0.21     1 
1190383541   31.46500    119.63908    -0.07     -0.07     0.10     1 
1190383543   31.46675    119.70655    -0.01     -0.04     0.04     1 
1190383544   31.46762    119.74028    -0.23     -0.49     0.54     2 
1190383545   31.46847    119.77402     0.05     -0.01     0.05     1 
1190383547   31.47015    119.84150    -0.07      0.03     0.08     1 
1190383551   31.47342    119.97647     0.24      0.22     0.33     1 
1190383552   31.47421    120.01021    -0.07      0.03     0.08     1 
1190383568   31.48569    120.55032    -0.37     -0.54     0.65     2 
1190383570   31.48697    120.61786     0.03     -0.22     0.22     1 
1190383577   31.49115    120.85426     0.22     -0.06     0.23     1 
1190383580   31.49281    120.95559    -0.07      0.02     0.07     1 
1190383581   31.49335    120.98937    -0.04      0.08     0.09     1 
1190383582   31.49387    121.02314    -0.08      0.20     0.22     1 
1190383588   31.49684    121.22584    -0.48     -0.99     1.10     3 
1190383606   31.43003    119.30286     0.27      0.14     0.30     1 
1190383607   31.43100    119.33656    -0.43      0.11     0.44     1 
1190383608   31.43196    119.37027    -0.08     -0.13     0.16     1 
1190383609   31.43291    119.40398    -0.11      0.44     0.45     1 
1190383611   31.43479    119.47141     0.03     -0.06     0.07     1 
1190383614   31.43754    119.57256    -0.16      0.13     0.20     1 
1190383616   31.43933    119.64000     0.04      0.24     0.24     1 
1190383617   31.44021    119.67372     0.04      0.11     0.11     1 
1190383618   31.44108    119.70745     0.01      0.24     0.24     1 
1190383619   31.44194    119.74117    -0.05      0.20     0.21     1 
1190383620   31.44280    119.77490    -0.07      0.07     0.10     1 
1190383622   31.44448    119.84236     0.01      0.07     0.07     1 
1190383625   31.44694    119.94356    -0.05      0.39     0.40     1 
1190383626   31.44774    119.97729    -0.06     -0.03     0.07     1 
1190383627   31.44853    120.01103    -0.10      0.03     0.10     1 
1190383629   31.45009    120.07851    -0.16      0.28     0.32     1 
1190383633   31.45310    120.21348     0.19     -0.07     0.20     1 
1190383647   31.46251    120.68603    -0.44     -0.09     0.45     1 
1190383648   31.46312    120.71979     0.21      0.04     0.22     1 
1190383649   31.46372    120.75355    -3.27      1.00     3.42     5 
1190383680   31.40339    119.27017    -0.05      0.15     0.16     1 
1190383681   31.40437    119.30386    -0.06      0.32     0.33     1 
1190383682   31.40534    119.33756     0.06      0.14     0.16     1 
1190383683   31.40630    119.37126     0.08     -0.04     0.09     1 
1190383684   31.40725    119.40496    -0.20      0.14     0.25     1 
1190383689   31.41187    119.57349    -0.17      0.08     0.19     1 
1190383690   31.41277    119.60720    -0.07      0.08     0.11     1 
1190383691   31.41366    119.64092     0.05      0.04     0.07     1 
1190383692   31.41454    119.67463     0.00     -0.16     0.16     1 
1190383693   31.41541    119.70835    -0.03      0.03     0.05     1 
1190383704   31.42441    120.07931    -0.20      0.14     0.24     1 
1190383705   31.42517    120.11304    -0.38      0.12     0.40     1 
1190383708   31.42741    120.21424    -0.08      0.32     0.33     1 
1190383717   31.43366    120.51791     0.10     -0.04     0.11     1 
1190383718   31.43431    120.55166    -0.13     -0.04     0.14     1 
1190383719   31.43495    120.58541     0.10      0.01     0.10     1 
1190383720   31.43558    120.61916    -0.35     -0.22     0.41     1 
1190383721   31.43621    120.65291    -0.01      0.11     0.11     1 
1190383723   31.43743    120.72041    -1.27     -0.59     1.40     3 
1190383725   31.43861    120.78792    -0.96      1.08     1.45     3 
1190383732   31.44247    121.02423     0.02      0.08     0.08     1 
1190383733   31.44299    121.05799     0.14      0.11     0.18     1 
1190383735   31.44400    121.12551     0.21     -0.83     0.85     2 
1190383754   31.37675    119.23750    -0.26      1.06     1.09     3 
1190383755   31.37773    119.27118     0.10      0.13     0.17     1 
1190383757   31.37968    119.33856     0.16      0.97     0.99     2 
1190383759   31.38159    119.40594     0.15      0.18     0.23     1 
1190383764   31.38620    119.57443     0.48      0.06     0.48     1 
1190383765   31.38710    119.60813     0.11      0.08     0.14     1 
1190383766   31.38799    119.64183     0.04      0.19     0.19     1 
1190383767   31.38887    119.67554    -0.12      0.95     0.96     2 
1190383768   31.38974    119.70924    -0.11      0.38     0.40     1 
1190383769   31.39060    119.74295     1.00      2.00     2.24     4 
1190383773   31.39396    119.87779    -0.36      0.04     0.36     1 
1190383774   31.39477    119.91151    -0.03      0.15     0.16     1 
1190383775   31.39558    119.94522     0.05     -0.07     0.08     1 
1190383778   31.39795    120.04638    -0.02     -0.18     0.18     1 
1190383783   31.40173    120.21500     0.13      0.32     0.34     1 
1190383792   31.40797    120.51859     0.16     -0.18     0.25     1 
1190383793   31.40862    120.55233     0.16     -0.15     0.22     1 
1190383794   31.40926    120.58607    -0.26      0.16     0.31     1 
1190383797   31.41113    120.68729     0.07      0.08     0.11     1 
1190383798   31.41173    120.72103     0.00      0.14     0.14     1 
1190383800   31.41292    120.78852     0.82      1.22     1.47     3 
1190383809   31.41780    121.09227     0.09     -0.24     0.26     1 
1190383830   31.35207    119.27220    -0.03      0.16     0.16     1 
1190383831   31.35305    119.30588    -0.08      0.26     0.27     1 
1190383833   31.35497    119.37324    -0.60      0.84     1.03     3 
1190383834   31.35592    119.40692    -0.01      0.08     0.09     1 
1190383835   31.35686    119.44061    -0.03      0.02     0.04     1 
1190383836   31.35779    119.47429    -0.01      0.14     0.14     1 
1190383837   31.35872    119.50798    -0.26      0.07     0.27     1 
1190383838   31.35963    119.54167    -0.12      0.16     0.20     1 
1190383839   31.36053    119.57536     0.20      0.07     0.21     1 
1190383840   31.36143    119.60905     0.08      0.21     0.23     1 
1190383841   31.36232    119.64275     0.34      0.25     0.42     1 
1190383842   31.36320    119.67644     0.05      0.19     0.20     1 
1190383846   31.36662    119.81124     0.09     -0.02     0.09     1 
1190383861   31.37820    120.31692     0.04      0.19     0.19     1 
1190383868   31.38293    120.55299    -0.09     -0.10     0.14     1 
1190383870   31.38420    120.62045    -0.58      3.97     4.01     5 
1190383872   31.38543    120.68792    -0.19     -0.24     0.31     1 
1190383880   31.39002    120.95782     0.04     -0.24     0.24     1 
1190383906   31.32739    119.30688     0.01      0.38     0.38     1 
1190383907   31.32835    119.34055    -0.16      0.28     0.32     1 
1190383908   31.32931    119.37422     0.06      0.01     0.06     1 
1190383909   31.33026    119.40790     0.10      0.02     0.10     1 
1190383911   31.33213    119.47525    -0.00      0.30     0.30     1 
1190383912   31.33305    119.50893    -0.15      0.24     0.28     1 
1190383913   31.33396    119.54261     0.04      0.13     0.14     1 
1190383915   31.33576    119.60997     0.21      0.30     0.37     1 
1190383916   31.33665    119.64366     0.19      0.23     0.30     1 
1190383917   31.33752    119.67735    -0.17     -0.04     0.18     1 
1190383918   31.33839    119.71103    -0.38     -0.24     0.45     1 
1190383919   31.33925    119.74472    -0.51     -0.91     1.04     3 
1190383923   31.34260    119.87949     0.86     -0.24     0.90     2 
1190383924   31.34342    119.91319    -0.28      0.24     0.37     1 
1190383929   31.34736    120.08169     0.12      0.08     0.14     1 
1190383937   31.35322    120.35136     0.12     -0.07     0.14     1 
1190383938   31.35391    120.38507     0.25      0.14     0.29     1 
1190383944   31.35788    120.58738    -0.21      0.08     0.22     1 
1190383946   31.35913    120.65483     0.01     -0.22     0.22     1 
1190383953   31.36323    120.89091    -0.02      0.09     0.09     1 
1190383980   31.30075    119.27422    -0.13      0.24     0.27     1 
1190383981   31.30173    119.30788    -0.19      0.16     0.25     1 
1190383982   31.30269    119.34154     0.03      0.16     0.16     1 
1190383984   31.30459    119.40887    -0.11      0.16     0.20     1 
1190383985   31.30553    119.44254     0.07      0.06     0.10     1 
1190383988   31.30829    119.54355    -0.16      0.36     0.39     1 
1190383989   31.30920    119.57722    -0.18      0.14     0.23     1 
1190383990   31.31009    119.61089     0.07     -0.08     0.11     1 
1190383991   31.31097    119.64457     0.06      0.29     0.30     1 
1190383992   31.31185    119.67825    -1.99     -0.02     1.99     3 
1190383995   31.31443    119.77929     0.06      0.02     0.06     1 
1190383996   31.31527    119.81297    -0.33     -0.35     0.48     1 
1190383999   31.31774    119.91403    -0.03      0.18     0.19     1 
1190384015   31.32958    120.45320    -0.03     -0.12     0.12     1 
1190384018   31.33155    120.55433     0.13     -0.03     0.13     1 
1190384019   31.33218    120.58804     0.12      0.39     0.41     1 
1190384035   31.34119    121.12756     0.25     -0.06     0.26     1 
1190384036   31.34168    121.16128    -0.01     -0.24     0.24     1 
1190384055   31.27509    119.27523     0.06     -0.03     0.07     1 
1190384056   31.27606    119.30888    -0.06      0.20     0.21     1 
1190384057   31.27703    119.34254    -0.26     -0.10     0.28     1 
1190384058   31.27798    119.37619    -0.04      0.24     0.24     1 
1190384059   31.27893    119.40985    -0.03      0.18     0.18     1 
1190384061   31.28079    119.47716     0.05      0.17     0.18     1 
1190384062   31.28171    119.51082     0.08     -0.02     0.08     1 
1190384063   31.28262    119.54448    -0.09      0.11     0.14     1 
1190384068   31.28705    119.71282     0.05      0.04     0.07     1 
1190384069   31.28790    119.74649    -0.99      0.49     1.10     3 
1190384070   31.28875    119.78016     0.04      0.15     0.16     1 
1190384072   31.29043    119.84751    -0.12      0.06     0.13     1 
1190384073   31.29125    119.88119    -0.31     -0.14     0.35     1 
1190384087   31.30184    120.35280     0.08      0.03     0.09     1 
1190384088   31.30253    120.38649    -0.34      0.23     0.41     1 
1190384092   31.30521    120.52129    -0.00      0.13     0.13     1 
1190384096   31.30774    120.65610     0.02      0.06     0.06     1 
1190384104   31.31238    120.92577     0.08     -0.07     0.10     1 
1190384105   31.31292    120.95948     0.06     -0.55     0.55     2 
1190384107   31.31398    121.02691     0.31      0.01     0.31     1 
1190384108   31.31449    121.06063    -0.21      0.15     0.26     1 
1190384128   31.24746    119.20896     0.23      0.44     0.50     1 
1190384129   31.24845    119.24260    -0.15      0.09     0.18     1 
1190384130   31.24943    119.27624    -0.02      0.07     0.07     1 
1190384131   31.25040    119.30988     0.18      0.12     0.22     1 
1190384133   31.25232    119.37717     0.17      0.04     0.18     1 
1190384134   31.25326    119.41082    -0.06      0.12     0.14     1 
1190384136   31.25513    119.47812     0.11     -0.01     0.11     1 
1190384137   31.25605    119.51177    -0.12      0.19     0.22     1 
1190384138   31.25696    119.54542    -0.03      0.37     0.37     1 
1190384141   31.25963    119.64639    -0.05      0.27     0.28     1 
1190384144   31.26223    119.74737    -0.06     -0.92     0.92     2 
1190384147   31.26475    119.84837    -0.03      0.07     0.08     1 
1190384162   31.27616    120.35352    -0.00      0.17     0.17     1 
1190384163   31.27685    120.38720    -0.07     -0.07     0.10     1 
1190384164   31.27753    120.42089     0.32     -0.17     0.36     1 
1190384165   31.27820    120.45458    -0.17      0.09     0.19     1 
1190384166   31.27886    120.48827    -0.14     -0.28     0.31     1 
1190384175   31.28444    120.79153     0.08      0.46     0.47     1 
1190384176   31.28501    120.82523     0.19     -0.06     0.20     1 
1190384203   31.22180    119.20999    -0.00      0.74     0.74     2 
1190384204   31.22279    119.24362    -0.04      0.20     0.21     1 
1190384205   31.22377    119.27725    -0.02      0.21     0.22     1 
1190384206   31.22474    119.31088    -0.31      0.21     0.37     1 
1190384209   31.22760    119.41179     0.08     -0.03     0.09     1 
1190384210   31.22854    119.44543     0.01      0.05     0.05     1 
1190384211   31.22946    119.47907    -0.19      0.16     0.25     1 
1190384213   31.23129    119.54636    -0.70     -0.18     0.73     2 
1190384214   31.23219    119.58000     0.10      0.13     0.17     1 
1190384215   31.23308    119.61365    -0.22      0.40     0.45     1 
1190384217   31.23484    119.68095     0.11      0.31     0.33     1 
1190384218   31.23570    119.71460     0.01      0.06     0.06     1 
1190384221   31.23824    119.81556    -0.08      0.26     0.27     1 
1190384238   31.25116    120.38791     0.09      0.29     0.30     1 
1190384239   31.25184    120.42159    -0.22      0.42     0.47     1 
1190384243   31.25447    120.55631     0.32     -0.10     0.33     1 
1190384244   31.25511    120.59000    -0.09      0.15     0.17     1 
1190384247   31.25696    120.69106     0.36     -0.11     0.37     1 
1190384253   31.26044    120.89320    -0.07      0.09     0.12     1 
1190384254   31.26099    120.92690     0.03     -0.16     0.16     1 
1190384255   31.26153    120.96059     0.11      0.25     0.27     1 
1190384256   31.26206    120.99429     0.29     -0.03     0.29     1 
1190384278   31.19614    119.21101     0.12      0.35     0.37     1 
1190384279   31.19713    119.24463    -0.04      0.31     0.31     1 
1190384281   31.19908    119.31188    -0.17      0.33     0.37     1 
1190384283   31.20099    119.37913    -0.13      0.17     0.22     1 
1190384284   31.20193    119.41276    -0.03     -0.30     0.30     1 
1190384285   31.20287    119.44639    -0.23     -0.10     0.25     1 
1190384286   31.20379    119.48002    -0.21      0.35     0.41     1 
1190384287   31.20471    119.51366    -0.14      0.27     0.30     1 
1190384288   31.20562    119.54729     0.10     -0.02     0.10     1 
1190384290   31.20741    119.61457    -0.22     -0.07     0.23     1 
1190384291   31.20829    119.64821     0.24      0.39     0.46     1 
1190384292   31.20916    119.68185    -0.22      0.21     0.31     1 
1190384293   31.21003    119.71549     0.17     -0.01     0.17     1 
1190384295   31.21173    119.78278    -0.06      0.03     0.07     1 
1190384296   31.21257    119.81642    -0.47      0.37     0.60     2 
1190384297   31.21340    119.85007    -0.06     -0.30     0.31     1 
1190384298   31.21422    119.88372     0.18      0.04     0.18     1 
1190384312   31.22478    120.35495     0.30     -0.13     0.33     1 
1190384318   31.22878    120.55698     0.10     -0.08     0.13     1 
1190384323   31.23187    120.72536    -0.03     -0.15     0.15     1 
1190384324   31.23246    120.75904    -0.05      0.02     0.05     1 
1190384327   31.23418    120.86009     0.00     -0.19     0.19     1 
1190384328   31.23474    120.89377     0.04     -0.50     0.50     2 
1190384329   31.23529    120.92746     0.04     -0.01     0.04     1 
1190384330   31.23583    120.96114    -0.17      0.02     0.17     1 
1190384353   31.17048    119.21204    -0.03      0.25     0.25     1 
1190384354   31.17147    119.24565     0.06      0.18     0.19     1 
1190384355   31.17245    119.27926     0.17      0.31     0.35     1 
1190384358   31.17533    119.38011     0.52     -0.08     0.53     2 
1190384359   31.17627    119.41373    -0.04      0.07     0.08     1 
1190384360   31.17720    119.44735     0.23      0.02     0.23     1 
1190384361   31.17813    119.48097     0.11      0.05     0.12     1 
1190384362   31.17904    119.51460    -0.03      0.09     0.09     1 
1190384365   31.18174    119.61548    -0.36     -0.17     0.40     1 
1190384366   31.18262    119.64911     0.05      0.06     0.07     1 
1190384367   31.18349    119.68274    -0.01     -0.00     0.01     1 
1190384369   31.18521    119.75001    -0.31     -0.30     0.43     1 
1190384370   31.18606    119.78365    -0.13      0.14     0.19     1 
1190384371   31.18689    119.81728    -0.00      0.05     0.05     1 
1190384372   31.18772    119.85092     0.37     -0.43     0.57     2 
1190384387   31.19909    120.35567     0.23      0.25     0.34     1 
1190384391   31.20179    120.49031     0.49     -0.84     0.97     2 
1190384392   31.20244    120.52397    -0.12      0.17     0.21     1 
1190384397   31.20558    120.69231    -0.06     -0.11     0.12     1 
1190384398   31.20618    120.72598     0.07     -0.16     0.17     1 
1190384400   31.20735    120.79332     0.27     -0.39     0.47     1 
1190384402   31.20849    120.86067     0.24     -0.08     0.25     1 
1190384403   31.20904    120.89434    -0.03     -0.02     0.03     1 
1190384404   31.20959    120.92802    -0.10     -0.10     0.14     1 
1190384405   31.21013    120.96170     0.12     -0.28     0.31     1 
1190384407   31.21118    121.02905    -0.26     -0.24     0.35     1 
1190384429   31.14581    119.24666     0.30      0.19     0.36     1 
1190384430   31.14679    119.28026     0.01      0.26     0.26     1 
1190384432   31.14871    119.34748    -0.10      0.11     0.15     1 
1190384434   31.15060    119.41470     0.05     -0.41     0.42     1 
1190384435   31.15154    119.44831     0.05      0.04     0.07     1 
1190384436   31.15246    119.48192    -0.11     -0.07     0.13     1 
1190384437   31.15338    119.51554    -0.05     -0.01     0.05     1 
1190384438   31.15428    119.54916    -0.22      0.07     0.23     1 
1190384439   31.15518    119.58277    -0.12     -0.23     0.26     1 
1190384440   31.15607    119.61639     0.03      0.19     0.19     1 
1190384441   31.15695    119.65001    -0.16      0.26     0.31     1 
1190384442   31.15782    119.68364    -0.08      0.33     0.34     1 
1190384443   31.15868    119.71726     0.24      0.30     0.38     1 
1190384444   31.15954    119.75089    -0.07     -0.04     0.08     1 
1190384445   31.16038    119.78451     0.23      0.05     0.24     1 
1190384446   31.16122    119.81814     0.14     -0.26     0.29     1 
1190384447   31.16204    119.85177     0.02     -0.40     0.40     1 
1190384448   31.16286    119.88541    -0.17      0.08     0.19     1 
1190384456   31.16910    120.15450    -0.02      0.01     0.03     1 
1190384460   31.17200    120.28908    -0.28     -0.20     0.35     1 
1190384467   31.17675    120.52464     0.02     -0.18     0.18     1 
1190384476   31.18222    120.82758     0.03      0.10     0.10     1 
1190384478   31.18334    120.89491    -0.07      0.03     0.08     1 
1190384480   31.18443    120.96225     0.09     -0.11     0.14     1 
1190384481   31.18496    120.99591     0.24      0.23     0.33     1 
1190384483   31.18599    121.06325    -0.04     -0.30     0.30     1 
1190384502   31.11817    119.18049    -0.12      0.20     0.23     1 
1190384503   31.11917    119.21408     0.02      0.33     0.33     1 
1190384504   31.12015    119.24767     0.07      0.47     0.48     1 
1190384505   31.12113    119.28127    -0.09      0.20     0.22     1 
1190384506   31.12209    119.31486     0.07      0.12     0.14     1 
1190384507   31.12305    119.34846    -0.02     -0.09     0.09     1 
1190384508   31.12400    119.38206    -0.12     -0.07     0.14     1 
1190384509   31.12494    119.41567    -0.05      0.18     0.18     1 
1190384510   31.12587    119.44927    -0.22      0.09     0.24     1 
1190384511   31.12679    119.48287     0.07      0.21     0.22     1 
1190384512   31.12771    119.51648     0.11     -0.08     0.14     1 
1190384513   31.12861    119.55009    -0.52      0.31     0.60     2 
1190384514   31.12951    119.58370    -0.01     -0.16     0.16     1 
1190384516   31.13128    119.65092     0.00     -0.01     0.01     1 
1190384518   31.13301    119.71815    -0.08     -0.06     0.10     1 
1190384519   31.13386    119.75176    -1.28      0.06     1.29     3 
1190384520   31.13471    119.78538    -0.08      0.32     0.33     1 
1190384523   31.13719    119.88625     0.12     -0.11     0.17     1 
1190384535   31.14632    120.28981    -0.52      0.52     0.73     2 
1190384536   31.14702    120.32345     0.16      0.30     0.34     1 
1190384548   31.15479    120.72721    -0.55      0.16     0.57     2 
1190384549   31.15537    120.76086     0.04      0.08     0.09     1 
1190384550   31.15596    120.79451     0.33     -0.02     0.33     1 
1190384551   31.15653    120.82817     0.00     -0.29     0.29     1 
1190384552   31.15709    120.86182     0.04      0.01     0.04     1 
1190384553   31.15765    120.89548     0.26     -0.18     0.32     1 
1190384554   31.15819    120.92914    -0.09     -0.06     0.11     1 
1190384555   31.15873    120.96280    -0.20      0.03     0.20     1 
1190384557   31.15978    121.03012     0.07     -0.46     0.47     1 
1190384559   31.16079    121.09744    -0.12      0.09     0.15     1 
1190384577   31.09251    119.18152    -0.37      0.55     0.66     2 
1190384578   31.09351    119.21510    -0.07      0.18     0.19     1 
1190384579   31.09449    119.24868     0.08      0.21     0.22     1 
1190384581   31.09643    119.31586    -0.13      0.09     0.16     1 
1190384583   31.09833    119.38304    -0.06     -0.02     0.06     1 
1190384589   31.10384    119.58462    -0.60      0.11     0.61     2 
1190384590   31.10473    119.61822    -0.32      0.09     0.33     1 
1190384591   31.10561    119.65182     0.04      0.28     0.28     1 
1190384593   31.10734    119.71903    -0.12     -0.15     0.19     1 
1190384594   31.10819    119.75264    -0.02      0.34     0.35     1 
1190384595   31.10903    119.78625    -0.21     -0.03     0.21     1 
1190384596   31.10987    119.81986    -0.36     -0.34     0.49     1 
1190384597   31.11069    119.85347    -0.25     -0.71     0.76     2 
1190384607   31.11847    120.18966    -0.12     -0.12     0.16     1 
1190384608   31.11920    120.22329    -0.08     -0.16     0.18     1 
1190384609   31.11992    120.25692     0.07      0.21     0.22     1 
1190384610   31.12063    120.29054    -0.08      0.11     0.14     1 
1190384613   31.12271    120.39144    -0.09      0.35     0.36     1 
1190384615   31.12406    120.45870     0.24      0.04     0.24     1 
1190384625   31.13026    120.79511    -0.09     -0.00     0.09     1 
1190384626   31.13083    120.82875     0.04      0.05     0.06     1 
1190384627   31.13139    120.86240    -0.14      0.02     0.14     1 
1190384628   31.13195    120.89605     0.26     -0.13     0.29     1 
1190384629   31.13249    120.92970    -0.04     -0.40     0.40     1 
1190384658   31.07267    119.38401    -0.10      0.03     0.11     1 
1190384660   31.07454    119.45118    -0.18      0.48     0.52     2 
1190384661   31.07546    119.48477     0.17     -0.26     0.31     1 
1190384663   31.07728    119.55194    -0.49      0.19     0.53     2 
1190384664   31.07817    119.58553     0.28      0.42     0.51     2 
1190384665   31.07906    119.61913    -0.17      0.01     0.17     1 
1190384667   31.08080    119.68632    -0.44      0.40     0.60     2 
1190384668   31.08166    119.71992    -0.21     -0.16     0.26     1 
1190384670   31.08336    119.78711     0.10     -0.10     0.14     1 
1190384671   31.08419    119.82072     0.24     -0.24     0.35     1 
1190384672   31.08501    119.85432     0.23      0.12     0.26     1 
1190384673   31.08583    119.88792     0.16     -0.05     0.17     1 
1190384674   31.08664    119.92153     0.20     -0.04     0.20     1 
1190384684   31.09423    120.25765     0.17      0.11     0.20     1 
1190384685   31.09494    120.29127    -0.09     -0.34     0.35     1 
1190384688   31.09703    120.39214     0.06     -0.11     0.13     1 
1190384690   31.09837    120.45939     0.07     -0.21     0.22     1 
1190384694   31.10095    120.59390    -0.04     -0.10     0.11     1 
1190384695   31.10158    120.62753    -0.01     -0.00     0.02     1 
1190384699   31.10398    120.76207     0.01      0.04     0.05     1 
1190384702   31.10570    120.86298     0.06      0.04     0.07     1 
1190384703   31.10625    120.89662    -0.31      0.01     0.31     1 
1190384706   31.10786    120.99754     0.04      0.02     0.04     1 
1190384709   31.10939    121.09847    -0.10     -0.10     0.14     1 
1190384735   31.04887    119.45213     0.05      0.18     0.18     1 
1190384736   31.04979    119.48571    -0.41      0.28     0.50     1 
1190384738   31.05161    119.55287    -0.15      0.24     0.28     1 
1190384739   31.05250    119.58645     0.32      0.38     0.49     1 
1190384741   31.05426    119.65362    -0.11      0.00     0.11     1 
1190384742   31.05513    119.68721    -0.19     -0.54     0.57     2 
1190384743   31.05599    119.72080     0.13     -0.03     0.13     1 
1190384745   31.05768    119.78798     0.09      0.35     0.36     1 
1190384746   31.05851    119.82157    -0.07      0.24     0.25     1 
1190384747   31.05934    119.85516    -0.01     -0.27     0.27     1 
1190384749   31.06096    119.92236     0.09      0.09     0.12     1 
1190384760   31.06926    120.29200     0.16     -0.26     0.30     1 
1190384762   31.07065    120.35923    -6.72     -1.23     6.83     5 
1190384763   31.07134    120.39284     0.13     -0.05     0.14     1 
1190384764   31.07201    120.42646     0.25      0.20     0.32     1 
1190384770   31.07588    120.62817    -0.02     -0.07     0.07     1 
1190384771   31.07650    120.66179    -0.08      0.01     0.08     1 
1190384773   31.07770    120.72904    -0.13     -0.14     0.19     1 
1190384774   31.07829    120.76267    -0.03     -0.04     0.05     1 
1190384777   31.08000    120.86355    -0.59     -0.65     0.87     2 
1190384778   31.08055    120.89718     0.01     -0.09     0.09     1 
1190384780   31.08163    120.96444     0.35     -0.54     0.64     2 
1190384781   31.08216    120.99808     0.35     -0.39     0.52     2 
1190384782   31.08268    121.03171     0.37      0.24     0.44     1 
1190384815   31.02771    119.62095    -0.18     -0.25     0.31     1 
1190384816   31.02859    119.65452    -0.07      0.21     0.22     1 
1190384817   31.02946    119.68810     0.18      0.17     0.25     1 
1190384818   31.03032    119.72168     0.33     -0.28     0.43     1 
1190384819   31.03116    119.75526    -0.03      0.09     0.09     1 
1190384820   31.03201    119.78884     0.12     -0.11     0.16     1 
1190384826   31.03687    119.99036    -0.11      0.23     0.26     1 
1190384842   31.04829    120.52797     0.21      0.16     0.26     1 
1190384845   31.05019    120.62881     0.20     -0.45     0.49     1 
1190384846   31.05080    120.66242    -0.13     -0.14     0.19     1 
1190384847   31.05141    120.69604     0.19      0.38     0.42     1 
1190384850   31.05317    120.79689     0.15      1.26     1.26     3 
1190384851   31.05374    120.83051     0.56     -0.30     0.63     2 
1190384852   31.05430    120.86413     0.03      0.15     0.15     1 
1190384853   31.05485    120.89775     0.14      0.00     0.14     1 
1190384854   31.05540    120.93137     0.51     -0.55     0.75     2 
1190384855   31.05593    120.96499     0.28      0.63     0.69     2 
1190384894   31.00549    119.75613    -0.12     -0.09     0.15     1 
1190384895   31.00633    119.78970    -0.16      0.07     0.17     1 
1190384896   31.00716    119.82328     0.23      0.06     0.24     1 
1190384897   31.00798    119.85685     0.07     -0.01     0.07     1 
1190384900   31.01040    119.95759    -0.08      0.14     0.16     1 
1190384901   31.01119    119.99117     0.20     -0.00     0.20     1 
1190384912   31.01928    120.36065     0.23      0.03     0.24     1 
1190384913   31.01996    120.39424     0.08      0.10     0.13     1 
1190384918   31.02324    120.56224     0.08      0.03     0.09     1 
1190384921   31.02511    120.66305     0.21     -0.22     0.31     1 
1190384922   31.02571    120.69666     0.05     -0.59     0.59     2 
1190384923   31.02631    120.73026    -0.60      0.13     0.61     2 
1190384926   31.02804    120.83109     0.16      0.07     0.18     1 
1190384928   31.02915    120.89831     0.06     -0.23     0.24     1 
1190384929   31.02970    120.93193     0.10     -0.47     0.48     1 
1190384932   31.03127    121.03277     0.11      0.22     0.24     1 
1190384933   31.03178    121.06638    -0.17     -0.56     0.59     2 
1190384974   30.98392    119.92483    -0.03      0.22     0.23     1 
1190384977   30.98628    120.02555    -0.23      0.15     0.27     1 
1190384990   30.99561    120.46212    -0.24      0.11     0.26     1 
1190384992   30.99691    120.52930     0.12     -0.10     0.15     1 
1190384993   30.99755    120.56289    -0.03      0.19     0.19     1 
1190384994   30.99818    120.59649    -0.06     -0.89     0.90     2 
1190384995   30.99880    120.63008     0.15      0.22     0.27     1 
1190384996   30.99941    120.66368    -0.13      0.12     0.17     1 
1190384997   31.00002    120.69728    -0.11     -0.09     0.14     1 
1190384998   31.00061    120.73087     0.10     -0.28     0.29     1 
1190384999   31.00120    120.76447     0.29     -0.13     0.32     1 
1190385000   31.00177    120.79807     0.00     -1.00     1.00     2 
1190385001   31.00234    120.83167     0.12     -0.11     0.16     1 
1190385002   31.00290    120.86527     0.02     -0.57     0.57     2 
1190385003   31.00346    120.89888     0.04     -0.26     0.27     1 
1190385004   31.00400    120.93248     0.07     -0.25     0.26     1 
1190385006   31.00506    120.99969     0.08     -0.15     0.17     1 
1190385054   30.96213    120.09348     0.13     -0.04     0.14     1 
1190385065   30.96992    120.46280     0.01     -0.50     0.50     1 
1190385066   30.97057    120.49638     0.17      0.27     0.32     1 
1190385067   30.97122    120.52996     0.19     -0.03     0.19     1 
1190385068   30.97186    120.56355     0.03     -0.17     0.17     1 
1190385070   30.97311    120.63072    -0.01      0.07     0.08     1 
1190385072   30.97432    120.69789    -0.26     -0.21     0.33     1 
1190385074   30.97550    120.76507     0.19      0.06     0.19     1 
1190385077   30.97721    120.86585     0.05     -0.14     0.14     1 
1190385078   30.97776    120.89944     0.04      0.02     0.05     1 
1190385080   30.97883    120.96663     0.13     -0.15     0.20     1 
1190385082   30.97987    121.03382     0.36      0.24     0.43     1 
1190385140   30.94422    120.46348     0.15     -0.07     0.16     1 
1190385141   30.94488    120.49705    -0.14     -0.04     0.14     1 
1190385143   30.94616    120.56420     0.27     -0.08     0.28     1 
1190385144   30.94679    120.59778     0.01      0.07     0.07     1 
1190385145   30.94741    120.63135     0.07     -0.03     0.08     1 
1190385148   30.94922    120.73209     0.13     -0.23     0.26     1 
1190385149   30.94980    120.76567     0.15      0.07     0.16     1 
1190385150   30.95038    120.79925     0.19     -0.43     0.47     1 
1190385151   30.95095    120.83284     0.11      0.01     0.12     1 
1190385153   30.95206    120.90000     0.21     -0.45     0.50     2 
1190385155   30.95313    120.96717    -0.09     -0.42     0.43     1 
1190385157   30.95417    121.03435     0.64     -0.02     0.64     2 
1190385212   30.91652    120.36347    -0.12      0.01     0.13     1 
1190385213   30.91720    120.39704     0.26      0.12     0.28     1 
1190385214   30.91787    120.43060    -0.31     -0.00     0.31     1 
1190385215   30.91853    120.46416     0.18     -0.10     0.20     1 
1190385216   30.91919    120.49772     0.12     -0.04     0.13     1 
1190385219   30.92110    120.59842     0.34     -0.15     0.38     1 
1190385220   30.92172    120.63199    -0.04     -0.57     0.58     2 
1190385221   30.92233    120.66555     0.15     -0.29     0.33     1 
1190385222   30.92293    120.69912     0.05     -0.17     0.17     1 
1190385223   30.92352    120.73270    -0.36     -0.08     0.37     1 
1190385226   30.92525    120.83341     0.09     -0.14     0.17     1 
1190385227   30.92581    120.86699     0.20      0.03     0.20     1 
1190385291   30.89350    120.49839     0.10      0.02     0.10     1 
1190385305   30.90173    120.96826    -0.04      0.15     0.15     1 
----------------------------------------------------------------------
---------------------------------------------------
Total correlated GCPs in Upper Left Quadrant: 318

GCP statistics this quadrant only (in Pixels)
Line residual statistics:
  Mean: 0.063
  Median: 0.046
  Standard Deviation: 0.552

Sample residual statistics:
  Mean: 0.090
  Median: 0.093
  Standard Deviation: 0.316

Quadrant RMSE: 0.644

---------------------------------------------------
Total correlated GCPs in Upper Right Quadrant: 213

GCP statistics this quadrant only (in Pixels)
Line residual statistics:
  Mean: -0.056
  Median: -0.037
  Standard Deviation: 0.494

Sample residual statistics:
  Mean: 0.385
  Median: 0.381
  Standard Deviation: 0.588

Quadrant RMSE: 0.859

---------------------------------------------------
Total correlated GCPs in Lower Left Quadrant: 459

GCP statistics this quadrant only (in Pixels)
Line residual statistics:
  Mean: -0.019
  Median: -0.007
  Standard Deviation: 0.207

Sample residual statistics:
  Mean: 0.057
  Median: 0.049
  Standard Deviation: 0.232

Quadrant RMSE: 0.316

---------------------------------------------------
Total correlated GCPs in Lower Right Quadrant: 286

GCP statistics this quadrant only (in Pixels)
Line residual statistics:
  Mean: -0.004
  Median: 0.038
  Standard Deviation: 0.493

Sample residual statistics:
  Mean: -0.026
  Median: -0.033
  Standard Deviation: 0.411

Quadrant RMSE: 0.641

---------------------------------------------------
---------------------------------------------------
Total correlated GCPs in scene: 1276

GCP statistics entire scene (in Pixels)
Line residual statistics:
  Mean: -0.001
  Median: 0.008
  Standard Deviation: 0.433

Sample residual statistics:
  Mean: 0.101
  Median: 0.069
  Standard Deviation: 0.397

Scene RMSE: 0.596

